206 172 202
206 173 202
206 173 203
206 174 203
207 174 204
207 175 204
202 76 210
202 77 210
202 117 220
202 117 221
202 118 221
202 120 219
202 121 219
203 41 208
203 42 208
203 54 223
203 55 223
203 70 217
203 71 217
203 72 217
203 72 218
203 73 218
203 75 211
203 76 211
203 76 212
203 118 220
203 118 221
203 119 220
203 120 220
203 163 218
203 170 215
203 171 215
204 41 209
204 42 209
204 43 209
204 55 223
204 56 223
204 70 216
204 71 216
204 75 211
204 76 212
204 77 212
204 78 212
204 161 219
204 162 219
204 168 217
204 169 216
204 169 217
204 170 216
205 43 209
205 44 209
205 56 222
205 57 222
205 78 211
205 79 211
205 81 221
205 160 220
205 161 220
205 161 221
206 45 212
206 45 213
206 46 213
206 47 213
206 76 223
206 79 222
206 80 210
206 80 222
206 82 214
206 82 215
206 83 214
206 83 215
206 160 220
206 161 221
206 162 221
206 163 221
207 44 212
207 44 213
207 45 212
207 47 214
207 48 214
207 72 223
207 77 223
207 78 223
207 79 223
207 82 214
207 83 214
207 83 215
207 84 214
207 84 215
207 163 220
207 164 220
202 102 229
202 102 236
202 103 229
202 103 236
202 117 235
202 118 235
202 118 236
202 142 235
202 143 235
202 165 224
202 166 224
202 172 224
202 173 224
202 173 225
202 174 225
202 175 226
202 185 229
203 103 236
203 104 228
203 104 236
203 117 235
203 118 236
203 119 236
203 120 236
203 144 236
203 167 225
203 172 224
203 172 225
203 173 224
203 173 225
203 174 225
203 174 226
203 183 230
203 184 230
204 79 226
204 81 234
204 104 235
204 105 235
204 120 235
204 121 235
204 137 228
204 138 228
204 182 231
204 183 231
204 183 232
205 52 231
205 52 232
205 53 232
205 54 232
205 77 225
205 78 225
205 80 234
205 80 235
205 81 234
205 81 235
205 122 234
205 137 227
205 138 227
205 139 226
205 139 227
205 140 226
205 182 231
205 183 232
205 184 232
205 185 232
206 51 231
206 51 232
206 52 231
206 54 233
206 55 233
206 73 237
206 74 237
206 76 224
206 77 224
206 78 235
206 79 234
206 79 235
206 80 234
206 80 235
206 81 234
206 185 231
206 186 231
207 44 228
207 52 230
207 53 230
207 56 234
207 72 237
207 73 237
207 77 224
207 118 226
207 119 226
207 144 228
207 145 228
207 187 230
202 56 251
202 79 252
202 80 252
202 80 253
202 81 252
202 81 253
202 81 254
202 82 253
202 82 254
202 83 254
202 122 253
203 78 252
203 79 252
203 80 252
203 80 253
203 81 253
203 83 245
203 104 254
203 105 254
203 117 255
203 120 254
203 121 254
204 69 248
204 70 248
204 70 249
204 71 249
204 72 250
204 83 245
204 84 245
204 103 255
204 104 255
204 118 255
204 119 255
204 120 255
204 144 255
204 183 241
204 184 241
205 69 248
205 69 249
205 70 248
205 70 249
205 71 249
205 71 250
205 72 250
205 72 251
205 73 251
205 73 252
205 74 252
205 84 246
205 85 246
205 92 251
205 93 251
205 117 242
205 118 242
205 118 243
205 119 242
205 119 243
205 120 243
205 126 246
205 127 246
205 127 247
205 128 246
205 128 247
205 129 247
205 181 242
205 182 241
205 182 242
205 183 241
205 183 242
206 45 244
206 86 247
206 92 252
206 93 252
206 94 252
206 119 242
206 119 243
206 120 242
206 120 243
206 121 243
206 128 246
206 128 247
206 129 246
206 129 247
206 130 247
206 145 245
206 146 245
206 146 246
206 147 245
206 147 246
206 148 246
206 152 241
206 152 242
206 153 242
206 154 242
206 180 242
206 180 243
206 181 242
206 181 243
206 182 242
207 44 244
207 45 244
207 94 252
207 95 252
207 120 243
207 121 243
207 121 244
207 122 243
207 122 244
207 129 247
207 130 247
207 130 248
207 131 247
207 131 248
207 147 245
207 147 246
207 148 245
207 148 246
207 149 246
207 151 241
207 151 242
207 152 241
207 154 243
207 154 249