205 68 424
205 104 457
208 68 236
209 113 225
208 104 269
218 81 275
215 81 463
237 45 270
227 85 279
231 156 276
230 96 398
224 90 412
234 45 458
224 85 467
228 156 464
238 141 254
245 178 248
243 147 308
250 58 314
245 150 347
242 178 436
240 147 496
247 58 502
269 66 209
255 75 284
263 115 284
263 177 291
257 82 309
258 30 323
266 66 397
260 177 479
254 82 497
255 30 511
281 51 202
274 120 208
283 90 232
284 76 272
285 120 355
278 65 370
271 120 396
278 51 390
280 90 420
281 76 460
310 52 235
311 97 224
310 52 316
311 97 305
307 52 342
308 97 412
308 97 493
329 78 206
349 138 233
345 60 392
340 75 422
345 81 500
353 132 392
353 162 399
370 54 283
375 108 282
377 168 377
381 51 499
389 72 208
389 108 241
382 85 256
396 39 380
393 82 472
399 85 247
408 89 251
412 160 248
401 114 413
400 69 424
410 82 463
419 145 226
418 49 242
424 151 280
425 97 398
419 91 412
429 46 458
423 157 464
438 127 302
439 34 295
437 116 332
443 145 345
430 142 442
437 179 436
435 148 496
442 59 502
455 116 472
455 178 479
449 83 497
450 31 511
465 78 306
473 66 370
466 121 396
473 52 390
490 78 298
491 56 288
480 121 355
502 53 342
503 98 412
502 53 423
213 38 567
218 113 600
217 68 611
217 104 644
210 81 659
210 35 679
218 125 709
207 101 734
211 140 731
207 101 815
211 140 812
236 90 599
227 81 650
236 85 654
235 59 739
230 74 769
242 96 585
247 141 629
240 156 651
246 45 645
252 147 683
243 131 739
243 161 746
254 178 623
264 75 659
266 82 684
259 58 689
267 30 698
264 92 727
267 167 724
272 42 546
278 66 584
283 120 583
272 177 666
283 81 819
297 120 542
290 65 557
290 51 577
286 38 727
290 68 771
300 81 810
315 96 745
309 90 759
309 85 814
313 156 811
327 178 783
320 141 789
319 45 805
336 67 571
345 103 575
349 142 572
336 67 652
345 42 706
337 75 819
345 115 819
356 127 550
361 133 604
363 65 717
351 66 744
356 120 743
363 51 737
365 90 767
373 61 580
381 163 587
375 100 605
368 76 610
370 120 702
373 82 688
366 76 807
387 152 535
388 136 637
386 65 731
386 65 812
395 101 816
409 52 687
406 125 710
399 140 813
424 40 568
429 115 601
428 106 645
421 83 660
414 106 686
423 59 740
418 74 770
438 83 651
438 134 797
453 98 586
447 92 600
458 143 630
447 87 655
452 92 728
455 167 725
465 180 624
463 149 684
477 84 685
470 60 690
474 38 728
471 81 820
489 68 585
483 117 660
483 179 667
479 113 761
478 68 772
478 104 805
494 122 584
501 53 578
503 92 608
503 96 746
508 141 790
501 156 812
507 45 806
524 84 283
518 78 297
516 124 334
521 130 388
539 138 232
533 58 364
541 130 364
541 160 371
528 73 394
535 97 389
548 133 421
572 85 255
560 54 282
565 108 281
572 39 275
565 166 349
569 49 471
579 72 207
579 108 240
574 78 305
584 37 352
589 112 385
588 103 429
581 80 444
574 103 470
583 73 494
598 89 250
602 160 247
609 145 225
608 49 241
614 151 279
621 62 285
613 95 370
607 89 384
618 140 414
617 44 430
607 84 439
611 155 436
626 79 255
634 119 255
634 181 262
628 86 280
629 34 294
625 177 408
623 146 468
630 57 474
643 41 331
643 176 451
654 94 203
655 78 305
661 64 342
661 50 362
663 89 392
664 75 432
681 56 206
682 101 276
680 78 297
690 51 395
691 96 384
690 51 476
712 78 203
717 84 281
711 78 295
710 69 349
710 69 430
732 138 230
730 129 328
723 144 350
729 33 344
719 105 353
723 144 431
719 105 434
747 63 358
735 135 382
749 102 383
747 84 466
741 78 480
765 85 253
753 54 280
758 108 279
765 39 273
755 165 365
762 138 415
772 72 205
772 108 238
767 78 303
776 96 346
779 171 343
782 85 244
791 89 248
795 160 245
792 78 295
795 85 438
783 54 465
788 108 464
802 145 223
801 49 239
807 151 277
798 42 346
803 117 379
802 72 390
802 108 423
812 85 429
819 79 253
814 62 283
821 94 378
821 89 433
524 66 624
515 178 784
525 75 820
537 141 625
533 42 707
539 66 745
533 115 820
549 132 576
556 75 582
555 75 674
551 65 718
544 120 744
551 51 738
553 90 768
554 76 808
569 132 552
569 162 559
558 120 703
572 65 732
585 140 733
581 101 736
581 101 817
590 93 540
593 168 537
597 51 659
592 125 711
597 131 765
604 74 771
612 39 540
617 114 573
616 69 584
611 75 682
609 59 741
617 161 748
611 98 766
635 91 572
624 134 798
653 179 596
645 46 618
651 148 656
641 167 726
663 76 632
658 59 662
665 83 657
666 31 671
664 68 773
664 104 806
657 81 821
671 43 519
682 121 556
671 116 632
671 178 639
683 90 761
674 81 812
683 85 816
696 121 515
692 77 620
692 75 682
689 96 747
694 141 791
687 156 813
693 45 807
711 65 540
711 65 621
724 140 622
720 101 625
725 66 746
719 115 821
748 59 549
743 74 579
742 74 671
737 65 719
744 120 704
737 51 739
739 90 769
740 76 809
756 131 549
756 161 556
750 98 574
763 134 606
759 65 721
777 92 537
780 167 534
779 125 700
768 101 725
772 140 722
768 101 806
796 81 629
789 104 655
796 35 649
784 131 754
791 74 760
799 38 537
804 113 570
803 68 581
803 104 614
813 81 620
804 131 730
804 161 737
204 68 250
216 178 213
213 178 401
219 141 408
238 45 221
237 104 250
237 76 362
234 104 438
226 134 478
243 81 240
244 156 227
247 85 231
241 156 415
240 81 428
244 85 419
249 81 445
270 97 335
256 177 383
269 35 445
282 58 208
276 147 215
272 35 257
278 104 264
279 50 269
280 80 305
281 52 336
273 147 403
275 104 452
276 50 457
277 80 493
294 74 230
291 74 337
288 30 388
299 74 443
323 129 294
334 126 510
341 42 226
338 171 245
341 96 248
348 105 305
344 69 314
349 168 461
360 165 269
353 63 277
362 52 365
352 39 442
352 93 464
364 60 493
364 132 485
374 117 221
378 102 275
371 162 485
385 72 222
391 110 292
395 53 336
384 91 419
396 69 438
389 99 491
388 132 505
394 75 498
410 138 262
408 179 401
424 85 212
429 112 295
430 46 409
421 135 478
444 116 383
444 76 391
436 157 415
451 178 383
475 78 283
476 53 336
469 83 389
474 59 396
468 148 403
464 36 445
470 105 452
471 51 457
486 75 337
494 75 362
483 31 388
494 75 443
206 98 678
205 131 692
212 52 523
209 90 550
213 68 625
211 74 685
217 120 705
221 42 730
209 150 745
225 178 588
231 141 595
238 134 665
232 65 712
239 167 808
249 76 549
247 45 596
253 156 602
252 51 712
242 38 789
242 92 811
268 177 570
261 75 578
256 85 606
261 81 632
258 120 719
259 66 724
260 96 760
282 97 522
286 82 576
281 35 632
274 90 766
275 113 784
286 68 785
300 30 575
291 58 583
303 74 605
288 50 644
303 74 686
311 74 549
304 141 755
319 104 785
331 99 523
322 76 709
334 115 730
334 75 738
320 45 756
326 156 762
325 81 775
342 54 524
347 152 586
341 177 730
355 122 546
359 44 571
359 82 736
358 147 750
364 58 743
354 35 792
360 104 799
361 50 804
370 67 553
380 40 630
377 169 649
373 30 735
390 53 553
396 122 560
397 68 565
398 98 601
392 61 681
412 99 523
412 92 607
413 115 625
405 120 706
420 92 551
417 100 679
422 76 686
416 133 693
420 65 713
427 167 809
430 92 812
436 180 589
446 120 720
447 66 725
463 83 616
457 106 626
449 136 666
463 113 785
479 179 571
472 77 579
464 158 603
467 87 607
472 83 633
474 68 786
492 37 633
492 141 756
497 84 577
511 32 576
496 149 591
502 60 584
498 106 640
499 52 645
500 82 681
510 76 710
508 45 757
507 104 786
515 119 330
531 42 225
528 171 244
531 96 247
543 135 268
543 63 276
529 33 294
535 144 300
538 105 304
534 69 313
530 64 337
537 166 433
540 91 436
550 165 268
550 50 337
556 119 344
557 65 349
558 95 385
552 130 457
559 160 457
564 117 220
567 135 288
568 102 274
573 78 281
572 89 391
573 112 409
580 89 335
577 97 463
576 130 477
582 73 470
600 138 261
596 177 373
602 140 380
608 108 221
614 85 211
623 85 228
616 144 300
615 69 313
618 44 381
617 103 410
632 74 363
632 114 355
639 176 355
624 155 387
627 84 391
643 39 228
652 34 417
665 78 282
657 81 361
662 57 368
656 146 375
673 78 226
682 73 334
674 73 390
706 129 291
724 42 223
721 171 242
724 96 245
722 33 292
728 144 298
731 105 302
727 69 311
721 154 364
721 154 445
736 135 266
736 63 274
744 69 331
751 171 427
736 129 476
757 117 218
761 102 272
760 135 286
766 78 279
764 55 331
754 96 430
757 69 496
758 144 483
761 105 487
768 72 219
770 124 338
771 70 343
772 100 379
793 138 259
794 94 329
786 94 385
787 117 403
798 72 404
791 102 457
796 78 464
790 135 471
807 85 209
801 108 219
809 144 298
812 105 302
808 69 311
816 85 226
816 145 374
522 115 731
522 75 739
514 156 763
517 85 767
513 81 776
522 81 793
535 151 639
542 35 793
550 126 670
547 82 737
546 147 751
552 58 744
548 104 800
549 50 805
566 30 671
575 102 681
571 66 690
578 52 525
584 121 532
585 67 537
586 97 573
580 60 653
591 120 707
583 150 747
595 42 732
610 75 658
613 167 810
616 92 813
626 51 714
633 66 726
634 96 762
646 46 569
652 157 575
651 82 588
655 86 579
652 66 690
648 90 768
649 113 786
660 82 605
656 90 712
660 68 787
684 148 563
680 36 605
686 105 612
687 51 617
672 178 750
678 141 757
690 59 556
699 31 548
688 81 653
696 76 711
694 45 758
699 81 777
715 177 732
708 75 740
708 81 794
730 120 515
734 42 540
722 150 555
722 150 636
732 147 752
733 82 738
728 35 794
734 104 801
735 50 806
745 65 522
747 30 737
738 58 745
765 51 522
755 38 599
752 167 618
767 59 650
767 131 642
759 140 674
762 101 678
771 120 529
772 66 534
773 96 570
774 161 642
770 150 736
770 150 817
795 90 520
799 68 595
792 98 648
791 131 662
811 178 558
803 38 780
803 92 802
819 120 710
820 66 715
821 96 751
208 81 215
205 81 403
218 104 221
218 68 254
217 113 265
222 38 298
220 74 344
222 35 374
222 81 394
215 68 442
214 113 453
219 38 486
241 167 301
234 50 367
229 104 368
238 167 489
241 92 486
244 92 298
255 134 417
265 131 286
265 161 279
273 59 286
270 80 366
262 131 474
262 161 467
285 131 262
276 74 352
275 74 444
282 131 450
287 125 504
297 140 213
301 101 210
297 140 294
301 101 291
290 125 316
294 140 401
298 101 479
294 140 482
310 65 214
307 65 483
324 94 230
333 124 254
326 55 260
334 75 344
334 77 406
335 91 446
337 52 476
330 121 511
337 66 496
344 121 470
369 145 208
355 134 304
354 112 320
365 125 351
360 31 355
368 59 364
355 116 394
355 178 387
363 76 394
355 43 507
380 94 238
374 100 252
373 179 430
380 142 424
385 97 468
398 117 237
399 72 226
391 86 399
387 157 402
400 82 403
391 91 454
403 42 270
417 36 374
417 82 394
410 105 409
410 69 442
409 114 453
422 171 273
429 51 367
424 105 368
433 168 489
465 81 366
450 135 417
463 99 449
457 162 467
478 144 266
471 129 288
471 75 352
470 75 444
477 132 450
482 105 263
491 69 267
493 102 398
207 74 539
204 156 589
208 85 586
208 90 641
217 81 590
224 76 753
225 90 793
232 74 531
234 35 561
234 81 581
227 104 596
227 68 629
226 113 640
231 38 673
227 51 823
234 120 817
246 50 554
250 167 676
253 92 673
250 30 702
251 82 716
245 177 734
253 75 741
267 134 604
258 58 711
263 178 777
270 141 771
288 74 539
282 80 553
274 161 654
282 59 661
277 156 749
281 85 746
275 96 815
281 90 801
299 125 691
290 81 750
300 68 789
306 140 588
310 101 585
319 65 589
319 65 670
314 104 715
319 50 714
307 35 721
307 81 741
336 54 550
335 99 561
336 54 631
353 98 796
347 161 814
362 76 532
362 78 594
365 53 664
365 67 684
358 122 699
355 80 713
367 131 797
355 59 821
383 179 575
383 117 582
372 122 658
377 68 657
383 44 695
385 97 721
385 97 802
388 32 543
396 60 552
391 77 582
401 180 618
386 52 710
403 149 558
415 158 590
409 47 596
408 143 612
413 98 656
413 90 794
418 76 540
419 87 587
428 83 591
419 92 642
433 177 735
422 120 818
427 66 817
443 76 532
445 37 562
445 83 582
438 106 597
438 70 630
437 115 641
442 40 674
439 82 717
441 75 742
452 106 556
461 169 677
464 94 674
453 147 718
465 156 750
459 45 756
451 178 778
458 141 772
463 96 816
478 136 605
491 100 637
485 163 655
485 133 662
495 81 742
488 104 757
488 68 790
487 113 801
498 76 632
505 133 638
510 127 692
514 94 229
523 124 253
528 70 252
516 69 279
522 75 378
523 89 418
525 50 448
534 46 290
543 176 359
532 119 442
537 65 441
559 145 207
549 154 302
549 81 341
551 74 366
561 177 402
570 94 237
564 100 251
563 146 342
569 44 380
575 155 374
573 95 440
588 117 236
579 84 371
588 80 375
579 89 426
605 34 346
605 80 366
598 103 381
598 67 414
597 112 425
602 37 458
612 171 272
621 166 461
624 91 458
636 165 250
636 135 257
630 154 302
649 78 227
656 135 233
644 63 257
645 160 439
668 144 265
672 105 262
661 129 287
658 73 416
665 130 422
681 69 266
677 139 373
677 139 454
681 100 451
702 124 292
690 64 374
690 64 455
707 94 227
716 124 251
721 70 250
709 55 257
709 69 277
710 56 328
709 101 339
710 56 409
710 56 490
709 101 501
736 80 372
737 94 412
732 124 477
752 145 205
742 154 300
746 124 436
751 70 435
739 69 462
763 94 235
757 100 249
763 86 335
757 181 353
765 79 360
782 72 223
781 117 234
770 62 330
777 151 336
782 145 390
772 154 485
786 42 267
793 89 365
789 160 368
793 94 420
787 100 434
805 171 270
808 96 267
802 85 369
812 108 375
812 72 408
811 117 419
816 42 452
819 39 340
819 85 360
524 53 603
523 98 614
524 53 684
523 98 695
528 134 765
543 80 714
541 98 797
535 161 815
535 131 822
551 91 606
553 52 636
546 121 671
553 66 656
548 74 792
555 131 798
577 83 529
571 116 554
571 178 547
571 43 667
571 97 722
572 52 792
571 97 803
584 59 524
591 148 530
579 76 554
586 151 679
603 157 562
598 76 755
599 90 795
608 120 819
625 82 718
619 177 736
613 66 818
626 105 569
630 39 646
632 58 713
639 147 719
627 75 743
637 178 779
649 168 649
651 156 751
655 85 748
645 45 757
644 141 773
666 135 577
673 132 634
673 162 627
664 81 752
673 113 802
686 75 604
679 99 609
681 60 634
688 104 717
681 81 743
674 68 791
693 132 610
711 52 519
711 52 681
710 97 692
721 161 816
737 76 563
729 80 715
727 98 798
729 59 823
738 90 603
752 66 626
740 65 653
758 115 551
758 177 544
766 75 551
758 42 664
759 52 700
758 97 711
759 52 781
758 97 792
771 58 521
778 147 527
784 45 565
776 178 587
783 141 581
773 150 676
785 76 744
790 156 559
794 85 556
788 96 625
786 90 784
788 51 814
800 66 807
803 81 560
813 104 566
813 68 599
812 113 610
817 38 643
811 30 693
812 82 707
806 115 732
806 177 725
814 75 732
820 35 531
820 81 551
819 58 702
204 141 270
207 178 465
222 68 240
210 178 277
219 68 428
223 90 503
233 113 241
234 90 259
226 90 315
227 131 361
230 113 429
231 90 447
249 66 301
250 120 306
244 161 381
251 59 373
251 131 381
245 96 453
246 66 489
247 120 494
253 51 501
266 92 214
269 167 217
266 38 236
256 51 313
256 101 345
260 65 336
263 92 402
263 38 424
287 42 295
276 65 313
281 125 356
284 42 483
299 150 280
291 120 320
296 150 387
296 150 468
288 120 508
335 39 205
331 151 247
325 62 254
330 86 261
323 56 314
327 31 478
348 181 267
338 81 373
339 51 409
336 59 470
341 83 477
342 148 463
355 85 205
360 89 231
355 119 267
366 76 475
359 178 483
370 108 212
369 49 241
374 157 451
378 77 504
385 145 242
403 72 212
414 117 213
404 56 314
415 101 315
408 118 377
414 69 428
402 179 465
430 70 273
431 124 278
423 98 338
421 99 375
423 139 377
425 114 429
418 91 503
439 162 381
446 60 373
446 132 381
441 67 489
442 121 494
454 141 349
455 66 336
461 168 405
458 39 424
448 52 501
472 124 292
476 126 356
485 56 314
491 151 387
496 101 315
206 134 575
206 74 770
213 141 645
219 178 652
214 74 714
214 74 795
233 74 555
238 98 562
231 68 615
228 80 720
229 50 756
236 35 768
232 147 810
226 58 817
243 90 634
256 161 568
263 59 560
263 131 568
257 96 640
258 66 676
259 120 681
265 51 688
256 81 768
271 104 775
261 85 794
265 81 785
264 156 798
270 45 804
275 92 589
278 167 592
275 38 611
285 65 688
279 134 735
293 125 543
296 42 670
300 120 695
306 74 715
312 131 708
311 98 722
304 68 775
315 113 776
316 90 794
329 161 728
344 76 611
344 76 692
336 59 720
336 131 728
348 92 749
351 167 752
348 38 771
352 76 555
367 52 597
355 32 666
364 60 658
366 125 703
368 106 602
374 37 609
370 149 651
398 103 533
399 87 635
394 77 663
387 179 671
394 117 671
394 74 771
402 67 524
409 106 616
403 83 626
402 158 639
406 78 692
402 74 715
402 74 796
414 58 818
430 180 653
420 147 811
444 76 556
442 70 616
446 92 691
450 133 549
449 100 563
454 92 635
459 104 776
449 85 795
452 156 799
458 45 805
474 133 569
468 98 641
469 68 677
470 122 682
476 53 689
467 134 736
474 141 806
486 94 590
486 40 612
494 74 716
492 68 776
480 178 813
507 44 671
496 67 689
511 122 696
500 131 709
503 113 777
504 90 795
521 151 246
520 86 260
513 56 313
524 101 314
526 79 345
524 57 442
538 181 266
528 103 386
530 146 435
529 81 449
554 85 221
553 160 234
559 49 240
545 79 258
545 119 266
554 80 393
559 84 419
547 176 455
554 114 455
560 108 211
575 145 241
563 80 410
569 103 400
562 155 423
568 44 429
566 75 476
577 133 360
584 140 430
590 177 437
593 72 211
604 117 212
605 94 230
594 56 313
602 67 400
603 51 502
619 100 236
620 70 272
621 124 277
610 130 333
613 112 401
614 89 419
206 125 247
207 144 246
203 128 332
203 125 435
204 144 434
220 62 230
220 177 248
221 77 256
217 138 261
217 92 323
211 107 339
217 62 418
217 177 436
218 77 444
214 138 449
222 161 483
214 92 511
233 35 229
240 168 287
225 161 295
230 35 417
237 168 475
248 143 207
245 143 395
262 44 223
267 138 247
259 44 411
271 107 404
274 107 216
282 155 224
277 34 238
278 161 235
283 147 275
283 141 333
284 128 332
279 155 412
274 34 426
275 161 423
286 32 431
280 147 463
296 78 222
299 122 215
289 32 243
296 144 300
299 122 296
293 78 329
293 144 407
293 78 491
293 144 488
296 122 484
320 130 246
321 50 304
334 55 303
327 146 436
331 127 462
343 136 221
349 131 281
363 32 297
356 35 345
360 128 497
381 58 255
384 109 403
387 129 219
388 148 218
398 142 233
386 63 411
386 129 408
398 126 435
392 55 471
386 124 506
402 81 228
406 165 267
412 63 418
412 178 436
413 78 444
403 130 466
409 93 511
421 172 259
432 169 475
417 162 483
437 35 345
440 144 395
464 143 298
454 45 411
459 139 435
477 148 272
478 142 333
479 129 332
472 39 369
466 108 404
474 156 412
469 35 426
470 162 423
483 50 304
496 55 303
488 79 329
488 145 407
491 123 403
481 33 431
510 130 245
511 50 303
203 123 693
205 177 750
214 141 520
215 128 519
223 107 526
224 161 521
215 125 622
216 144 621
220 129 653
209 54 658
217 145 783
221 126 809
228 110 547
229 62 605
229 177 623
226 138 636
230 77 631
234 161 670
254 34 532
249 168 662
247 122 702
244 132 784
257 143 582
271 44 598
263 131 730
283 107 591
276 138 622
286 34 613
274 108 750
279 138 751
276 62 758
276 128 755
288 125 782
282 54 818
289 38 556
298 32 618
301 110 707
302 62 765
289 144 781
302 177 783
299 138 796
303 77 791
305 78 516
308 122 590
305 78 597
305 144 594
315 35 764
335 156 557
329 115 574
330 136 573
331 172 635
330 143 742
344 143 521
345 130 520
339 95 552
343 179 591
343 179 672
344 44 758
349 138 782
353 109 527
355 147 624
362 38 716
356 107 751
364 155 759
360 161 770
365 147 810
381 118 523
384 36 533
382 134 625
381 170 714
371 32 778
381 170 795
379 113 815
380 134 814
385 124 543
385 154 717
389 93 712
393 177 751
385 108 779
385 154 798
389 93 793
414 125 694
405 145 784
409 126 810
425 143 521
426 130 520
426 127 623
427 146 622
432 132 785
434 109 527
435 163 522
439 112 548
440 179 624
437 140 637
441 79 632
445 163 671
435 122 703
437 94 699
460 170 663
451 131 731
462 108 751
464 62 759
464 128 756
468 145 583
467 138 752
476 125 783
477 144 782
470 54 819
494 109 592
482 46 599
487 140 623
490 62 766
490 177 784
487 138 797
491 77 792
502 157 600
497 36 614
498 163 611
509 34 619
503 149 651
503 35 765
524 55 302
514 122 413
519 125 434
533 136 220
539 131 280
549 158 318
545 121 327
571 58 254
565 127 289
573 143 297
561 130 355
572 107 375
574 61 383
574 122 478
577 129 218
588 142 232
588 96 294
592 50 303
586 124 407
587 143 406
580 53 443
582 138 486
600 61 390
600 176 408
597 137 421
605 160 455
601 45 492
611 172 258
613 34 389
620 167 447
614 50 491
638 142 218
628 142 367
648 38 209
654 151 246
654 143 297
642 43 383
654 106 376
660 36 214
667 148 271
670 126 267
667 82 274
660 37 341
662 154 384
657 33 398
658 160 395
669 31 403
663 146 435
686 55 302
676 77 382
676 143 379
679 121 375
676 77 463
676 143 460
679 121 456
682 45 492
698 127 222
703 130 243
704 50 301
703 117 352
704 138 351
704 138 432
703 117 433
695 50 491
705 174 332
713 97 330
705 174 413
709 158 416
713 97 411
709 112 478
705 174 494
713 97 492
709 158 497
726 136 218
732 131 278
733 130 428
746 32 294
742 158 316
747 55 485
764 58 252
758 127 287
766 143 295
756 136 403
762 131 463
760 122 512
770 129 216
771 148 215
781 142 230
781 96 292
775 135 349
776 32 479
772 158 501
785 81 225
789 165 264
785 50 301
798 55 300
788 66 377
788 132 374
791 142 370
800 129 401
788 127 472
796 143 480
804 172 256
813 114 326
814 66 384
801 148 400
811 142 415
815 81 410
811 96 477
815 50 486
819 165 449
523 109 591
519 171 607
527 94 605
523 155 610
517 114 627
518 135 626
523 109 672
519 171 688
527 94 686
523 155 691
518 143 743
543 146 596
531 178 644
544 107 752
537 138 783
547 127 622
552 155 760
548 161 771
553 147 811
573 123 515
561 52 679
567 170 715
571 154 718
575 93 713
565 113 735
566 134 734
567 170 796
571 154 799
575 93 794
565 113 816
566 134 815
589 132 543
586 155 695
579 177 752
602 63 571
602 129 568
605 139 564
608 55 631
606 178 685
595 126 811
618 132 786
628 63 578
629 47 680
656 144 555
641 36 577
642 52 679
648 108 752
650 62 760
650 128 757
653 138 753
656 54 820
670 45 571
662 125 784
663 144 783
688 39 529
682 108 564
675 139 595
687 178 685
675 110 709
676 62 767
673 138 798
677 77 793
704 113 543
690 156 572
697 33 591
691 148 623
691 140 674
689 35 766
706 170 523
710 154 526
705 134 542
718 177 560
710 108 588
710 154 607
705 134 623
718 177 641
710 108 669
706 170 685
710 154 688
714 93 683
718 44 760
730 145 593
736 38 718
730 107 753
723 138 784
748 51 676
752 113 724
739 147 812
752 113 805
763 127 654
762 93 702
758 154 707
753 134 723
766 177 741
762 93 783
754 170 785
758 154 788
766 177 822
776 131 540
773 154 692
778 145 774
782 126 800
787 108 560
789 62 568
789 128 565
792 138 561
795 54 628
789 123 663
797 139 671
793 177 682
814 110 517
815 62 575
801 125 592
802 144 591
816 77 601
812 92 668
816 46 677
805 132 775
216 177 238
224 77 237
214 144 251
215 125 252
216 145 323
221 123 324
212 138 379
213 177 426
221 77 425
211 144 439
212 125 440
214 132 484
229 138 241
240 147 363
226 138 429
239 126 507
255 168 218
251 54 258
242 126 319
252 168 406
248 54 446
263 161 233
268 78 350
286 123 264
277 127 290
288 92 429
283 123 452
274 127 478
299 51 224
300 46 237
291 92 241
294 139 256
299 51 305
300 46 318
296 51 331
291 139 363
302 177 367
291 139 444
302 177 448
296 51 493
305 177 260
316 126 265
315 154 280
312 154 387
312 154 468
321 114 211
330 158 315
327 174 319
327 123 481
344 135 249
347 117 321
364 112 238
365 142 233
367 144 398
355 132 465
379 66 210
369 132 236
372 66 236
383 45 384
375 109 454
380 129 452
383 63 452
395 148 223
396 129 224
398 136 268
398 35 369
390 63 426
405 81 209
410 142 213
406 97 311
403 33 357
408 178 426
416 78 425
406 145 439
407 126 440
409 133 484
421 139 429
447 169 406
443 55 446
434 127 507
456 123 347
460 145 350
463 79 350
455 162 421
473 112 315
478 124 452
481 50 290
492 158 315
489 174 319
491 52 331
492 47 344
486 140 363
491 52 412
492 47 425
486 140 444
497 178 367
507 155 387
497 178 448
206 35 600
207 62 613
207 34 748
213 145 511
218 123 512
212 161 555
215 34 556
220 32 544
224 138 566
223 144 626
224 125 627
225 177 613
233 77 612
238 138 616
226 132 671
230 123 699
231 38 713
252 147 550
251 126 694
264 168 593
272 161 608
260 54 633
266 107 719
257 143 745
270 128 799
273 122 534
280 78 537
285 161 715
288 34 716
279 35 760
280 62 773
273 62 799
293 32 704
297 138 726
298 177 773
296 144 786
309 46 531
314 177 554
309 46 612
314 177 635
308 51 680
306 77 772
311 138 776
332 130 547
324 154 574
325 147 710
345 36 589
345 36 670
337 168 753
345 161 768
368 123 799
369 40 554
383 133 653
382 128 707
383 141 708
373 92 776
384 161 779
383 141 789
395 145 586
395 34 749
389 107 780
413 124 512
403 124 535
410 80 538
412 157 552
404 109 560
411 46 572
404 140 637
403 110 642
408 130 640
410 110 775
423 163 556
426 36 557
431 34 545
417 37 601
436 179 614
444 79 613
434 146 627
435 127 628
437 134 672
436 147 699
445 143 746
433 131 813
462 128 695
462 155 712
454 107 720
461 44 732
454 138 797
453 108 802
458 128 800
461 62 800
475 170 594
466 131 623
471 56 634
473 161 716
467 35 761
468 62 774
485 138 727
486 177 774
494 77 773
484 144 787
485 125 788
511 94 617
506 125 640
497 129 666
499 138 777
515 97 310
517 174 318
520 158 314
520 109 399
515 121 453
534 135 248
536 138 319
537 117 320
543 130 437
554 112 237
555 142 232
559 132 235
555 142 370
564 106 344
572 154 336
571 43 356
563 107 426
568 127 424
586 129 223
588 136 267
582 112 314
591 31 329
583 160 340
586 33 341
577 34 385
578 61 398
591 107 503
595 81 208
600 142 212
601 158 314
595 137 351
596 176 398
604 76 397
594 143 411
595 124 412
596 144 483
622 58 229
613 130 290
617 138 319
618 117 320
623 146 335
609 137 401
635 167 378
631 53 418
648 131 261
643 160 393
644 176 495
662 96 212
671 50 208
657 127 235
665 143 227
670 55 276
663 112 314
671 91 401
666 122 424
657 126 450
686 158 251
677 97 310
679 174 318
682 158 314
685 176 339
679 50 384
674 138 416
685 176 420
679 50 465
680 45 478
688 169 507
704 114 208
699 126 262
695 153 359
695 153 440
691 153 503
708 97 308
710 174 316
713 158 312
709 120 370
708 165 397
706 132 406
707 145 407
709 120 451
719 38 448
708 165 478
706 132 487
707 145 488
713 111 479
727 135 246
729 138 317
730 117 318
734 114 393
729 126 447
747 112 235
738 97 493
740 174 501
743 158 497
762 66 207
755 66 233
757 135 431
759 138 502
760 117 503
778 148 220
779 129 221
781 136 265
780 149 292
775 112 312
778 111 338
777 112 420
778 142 415
788 81 206
793 142 210
789 97 308
791 174 316
794 158 312
786 159 330
797 165 334
785 48 350
800 38 335
792 66 392
815 58 227
806 130 288
810 138 317
811 117 318
805 36 323
809 142 345
808 148 405
809 129 406
810 149 477
805 112 497
818 81 391
819 97 493
821 174 501
520 129 600
521 142 601
522 162 591
527 108 592
523 117 645
520 129 681
521 142 682
522 162 672
527 108 673
525 168 754
521 54 794
533 35 642
543 123 641
533 161 769
548 111 587
552 94 687
554 171 695
556 123 800
573 135 696
568 128 708
569 141 709
568 128 789
569 141 790
592 108 532
591 178 683
581 34 750
600 156 524
606 63 586
599 63 612
605 38 715
596 110 776
611 162 528
614 35 529
624 178 586
619 109 691
619 131 814
632 78 585
633 94 687
635 171 695
638 155 691
631 143 747
650 127 667
654 135 696
648 155 713
647 44 733
653 35 762
654 62 775
644 128 801
647 62 801
659 55 606
672 178 683
659 161 717
667 32 706
670 144 788
671 125 789
685 128 638
680 77 774
685 138 778
694 124 612
699 147 712
707 128 516
708 141 517
710 116 561
709 161 588
707 128 597
708 141 598
710 116 642
720 34 639
709 161 669
714 107 670
707 128 678
708 141 679
711 168 755
719 161 770
707 54 795
730 122 638
739 93 684
741 170 692
747 92 778
755 128 697
760 134 693
761 113 694
755 128 778
756 141 779
768 34 820
779 107 529
778 177 680
783 110 765
778 122 819
787 155 521
798 161 525
786 44 541
792 35 570
793 62 583
801 34 526
806 32 514
810 138 536
809 144 596
811 145 668
806 108 688
806 131 803
819 77 582
820 93 684
822 170 692
818 143 736
206 177 242
206 62 260
206 92 355
206 138 417
209 138 229
219 144 244
220 125 243
207 110 318
221 139 352
216 144 432
217 125 431
226 54 207
232 128 270
234 108 275
225 177 341
229 123 360
223 48 375
237 80 379
223 54 395
226 138 462
229 62 455
229 128 458
231 108 463
245 131 295
240 64 414
253 35 427
242 131 483
264 132 241
270 51 347
255 127 369
278 30 319
282 62 334
283 46 346
283 114 358
281 31 477
287 126 216
300 177 382
288 145 430
300 177 463
316 134 212
317 113 211
311 154 228
315 170 231
311 108 247
303 177 275
316 134 293
317 113 292
307 93 314
311 154 309
315 170 312
304 93 340
308 154 335
312 170 338
313 134 400
314 113 399
306 107 424
308 154 416
312 170 419
308 108 435
313 106 479
313 134 481
314 113 480
304 93 502
325 159 238
329 165 227
330 38 224
333 111 246
327 42 281
320 132 318
324 52 341
330 117 378
345 48 239
339 178 341
335 140 352
335 148 403
340 162 443
341 35 440
336 156 454
344 108 462
338 39 497
352 127 267
362 38 305
356 45 455
366 114 472
375 32 321
378 169 391
370 144 471
378 83 469
386 81 206
387 66 232
397 47 346
391 51 384
393 162 383
397 78 422
398 178 430
398 63 448
400 148 216
401 129 215
410 142 246
413 66 239
413 132 242
412 163 260
401 139 417
411 145 432
412 126 431
399 111 506
401 65 508
415 112 247
426 135 267
420 178 341
418 55 395
427 118 435
424 63 455
424 129 458
426 109 463
442 126 295
443 38 305
450 128 369
456 60 420
456 133 429
473 165 316
474 111 311
465 52 347
478 47 346
474 96 386
492 158 281
482 132 318
483 145 317
489 71 327
479 127 404
496 174 284
510 132 317
503 155 335
507 171 338
503 109 354
495 178 382
508 135 400
509 114 399
499 94 421
507 171 419
503 109 435
218 92 542
210 161 570
214 77 609
215 177 617
215 62 635
209 122 729
212 78 722
212 144 725
219 32 782
209 122 810
212 78 803
212 144 806
237 177 528
230 122 573
235 54 582
228 144 619
229 125 618
237 132 615
238 138 649
225 147 750
230 161 790
231 34 787
236 80 797
226 155 801
234 107 809
251 34 587
241 62 642
241 128 645
243 108 650
254 131 670
241 138 778
246 44 802
267 127 556
270 122 698
260 152 764
255 64 811
282 51 534
273 132 616
283 161 730
275 35 796
294 76 606
296 126 591
288 40 644
291 92 702
297 129 747
291 138 764
287 77 769
288 177 777
301 144 779
302 125 778
288 62 795
316 93 527
312 177 569
312 177 650
315 156 688
316 93 689
314 123 707
308 54 742
314 62 802
314 128 805
320 154 522
324 170 525
320 108 541
323 133 531
331 53 535
325 121 579
324 170 606
320 154 684
344 48 534
347 75 558
350 80 563
350 146 566
340 127 716
341 156 729
346 42 725
346 132 776
363 141 540
363 149 591
357 34 623
364 157 642
366 40 685
367 179 529
379 140 619
368 163 631
369 36 628
374 117 727
369 126 751
384 46 643
398 145 659
412 53 535
400 78 804
400 144 807
414 155 802
425 93 538
429 94 543
421 37 569
421 163 571
429 140 605
425 79 610
426 179 618
423 106 643
422 100 678
427 112 694
416 140 720
425 74 767
427 149 779
429 138 779
418 161 791
422 107 810
424 100 822
444 141 540
439 146 620
440 127 619
434 44 803
453 123 511
451 37 541
452 125 548
452 96 576
449 140 650
452 64 643
452 130 646
454 110 651
452 108 666
454 162 741
456 168 739
448 143 819
465 133 671
464 125 719
471 161 731
476 177 778
468 146 789
476 62 796
484 134 617
488 38 643
491 64 676
481 124 699
479 92 703
485 129 748
479 138 765
489 144 780
490 125 779
507 128 592
501 132 632
502 123 708
496 54 743
502 31 775
499 138 810
502 62 803
502 128 806
504 108 811
515 159 237
519 165 226
523 111 245
511 145 316
518 128 333
523 146 375
535 48 238
530 74 322
539 137 403
532 106 434
527 55 450
549 147 254
552 38 304
555 120 314
544 43 427
558 142 443
564 39 232
576 81 205
575 115 242
578 114 289
582 165 315
583 111 310
582 117 323
589 91 327
581 160 355
589 137 389
586 176 402
586 61 420
587 109 478
591 129 214
600 142 245
603 132 241
605 112 246
591 132 317
592 145 316
606 53 367
599 143 404
600 124 403
591 160 504
592 106 499
600 127 506
601 140 505
616 135 266
612 122 332
612 61 427
612 127 430
609 137 434
611 98 443
614 107 435
635 136 212
633 38 304
636 120 314
638 126 341
625 60 398
647 77 250
647 154 309
662 149 213
663 165 315
664 111 310
670 104 450
678 97 204
682 112 218
678 97 285
682 158 280
686 174 283
672 132 317
673 145 316
683 176 354
671 144 402
683 176 435
701 36 216
690 37 231
694 62 233
687 138 264
688 117 263
694 30 317
697 112 371
687 92 393
691 153 388
695 169 391
691 107 407
696 133 453
697 112 452
691 153 469
695 169 472
697 143 472
713 38 221
708 159 235
712 165 224
716 111 243
708 136 280
710 42 278
707 37 367
713 86 500
723 142 212
728 48 236
721 126 348
724 82 341
724 148 344
728 160 382
721 126 429
724 148 425
728 123 477
724 82 503
742 147 252
745 38 302
739 34 346
737 151 369
742 165 409
746 111 428
740 42 463
757 39 230
769 81 203
770 66 229
771 156 245
771 114 287
775 165 313
776 111 308
780 172 357
772 147 437
776 107 445
775 38 487
778 120 497
783 148 213
784 129 212
796 66 236
793 142 243
796 132 239
798 112 244
784 132 315
785 145 314
784 117 338
795 165 349
797 88 357
810 113 253
809 135 264
812 55 343
809 133 366
803 34 372
799 81 388
803 142 383
813 148 398
814 129 397
800 66 414
810 87 453
801 114 472
802 119 487
806 111 493
805 165 498
814 132 500
817 35 227
820 58 361
815 145 499
511 147 618
512 125 613
523 120 793
538 79 616
538 145 619
535 123 623
538 54 692
538 79 697
528 127 717
528 110 746
532 162 776
534 132 777
537 56 803
545 33 595
556 162 603
550 107 614
552 156 614
548 91 624
547 129 694
548 142 693
547 57 742
557 126 752
568 66 581
561 145 778
579 75 659
589 35 681
580 43 700
583 122 731
586 78 724
586 144 727
575 118 797
583 122 812
586 78 805
592 117 691
599 147 752
593 32 784
604 161 792
605 34 789
600 155 803
614 178 590
609 50 690
619 162 692
620 108 687
615 138 780
608 107 811
628 129 694
629 142 693
634 143 820
654 82 602
640 63 615
644 72 703
642 168 740
646 59 745
665 127 585
655 87 639
669 123 671
670 35 681
665 92 704
657 161 732
661 77 771
662 62 797
668 91 803
672 133 589
681 61 606
673 117 691
671 129 749
682 54 744
675 144 781
676 125 780
695 127 564
699 146 590
702 72 659
697 89 698
688 123 709
688 62 804
688 128 807
690 108 812
715 140 548
714 127 718
722 122 539
725 78 532
732 32 592
725 144 616
723 140 673
734 128 691
720 132 778
749 162 524
738 147 560
743 161 600
744 34 597
739 155 611
741 38 654
735 141 690
743 126 753
746 132 780
747 145 779
759 44 612
765 108 685
762 156 714
781 168 548
772 50 564
773 59 622
773 143 628
776 34 678
779 116 688
773 78 713
773 144 716
770 122 720
773 78 794
769 133 814
796 161 540
788 35 606
786 147 741
785 81 772
791 161 781
792 34 778
798 167 774
795 107 800
804 92 512
808 42 527
804 138 574
800 77 579
814 144 589
801 62 605
802 110 663
807 107 684
802 138 769
807 44 793
821 54 552
816 141 690
821 143 809
206 132 382
211 125 238
212 144 239
210 177 252
220 34 309
212 108 335
207 145 355
208 125 426
209 144 427
207 177 440
208 138 487
212 32 509
217 34 497
220 161 498
235 62 226
228 62 252
235 44 294
234 155 314
232 62 414
225 62 440
226 35 453
232 44 482
231 155 502
243 108 224
251 143 280
242 107 306
240 177 343
240 108 412
248 143 468
239 107 494
258 134 330
286 110 251
277 38 312
274 154 335
277 170 331
283 110 439
301 34 277
298 34 384
288 122 385
298 34 465
307 107 246
312 161 247
311 116 274
313 141 318
314 128 319
311 128 345
304 107 353
308 116 381
310 141 425
311 128 426
304 107 434
309 161 435
308 116 462
310 141 506
311 128 507
327 93 437
344 165 229
336 82 300
339 148 300
343 126 303
341 128 388
356 58 204
361 133 215
352 172 244
364 151 287
354 178 343
355 162 445
363 169 460
378 142 221
367 55 420
375 148 503
392 129 210
393 148 211
383 81 225
392 142 271
396 36 293
389 139 437
394 78 441
409 66 224
410 39 237
401 38 281
404 165 282
403 126 426
404 145 427
402 178 440
403 139 487
416 48 266
415 159 286
423 111 278
427 63 414
430 129 414
420 63 440
421 36 453
427 45 482
415 162 498
426 156 502
435 178 343
435 109 412
434 139 417
434 108 494
452 114 329
453 135 330
455 132 401
469 155 335
472 171 331
493 35 384
483 123 385
498 82 300
505 142 344
506 129 345
504 162 354
503 117 381
505 142 425
506 129 426
499 108 434
504 162 435
205 154 522
206 138 624
203 177 765
208 170 518
210 93 526
219 145 542
218 132 569
220 125 613
221 144 614
211 77 628
220 138 674
208 46 707
209 51 720
214 139 769
217 92 784
208 46 788
209 51 801
224 108 522
237 62 627
238 35 640
229 34 684
232 161 685
224 32 696
252 177 530
247 128 601
251 138 604
252 108 599
244 44 669
251 107 681
243 155 689
245 161 792
253 168 807
269 113 516
260 143 655
266 126 706
257 54 767
286 154 522
272 131 588
286 38 687
279 138 784
284 77 788
289 170 518
291 93 526
300 122 572
287 123 701
292 145 702
291 132 729
293 125 773
294 144 774
292 177 787
316 107 540
310 34 571
310 34 652
317 62 761
311 35 800
321 161 541
322 141 531
323 128 532
320 116 568
331 156 586
322 141 693
323 128 694
324 138 764
333 143 815
335 156 523
346 48 548
347 53 561
341 179 606
346 48 629
347 53 642
341 179 687
345 131 748
354 110 523
353 30 590
360 125 602
352 141 610
352 141 691
382 179 531
373 122 732
368 110 786
395 56 608
383 163 633
391 170 648
397 51 721
391 177 766
397 51 802
404 128 547
403 149 691
402 139 770
405 92 785
416 156 523
419 172 519
421 95 527
430 147 543
429 134 570
417 140 625
430 179 628
435 110 523
431 127 614
432 146 615
431 140 675
440 36 685
443 163 686
445 54 768
433 161 793
441 168 808
448 64 628
455 46 670
462 109 682
454 157 690
454 126 707
475 123 702
467 138 785
472 77 789
483 133 589
479 132 730
481 125 774
482 144 775
480 177 788
506 112 627
505 62 762
508 128 762
498 62 788
526 82 299
520 122 386
515 91 409
534 165 228
542 172 243
529 148 299
533 126 302
529 126 360
551 133 214
554 151 286
555 53 392
543 160 417
551 167 432
568 142 220
564 125 331
582 129 209
582 142 270
590 144 327
589 131 354
582 76 413
590 176 412
600 39 236
606 48 265
594 165 281
591 124 398
592 143 399
591 137 459
600 33 469
603 160 470
613 111 277
614 126 302
618 127 386
608 61 412
609 34 425
615 43 454
614 154 474
623 107 384
648 42 283
657 114 222
657 37 472
678 111 217
683 165 218
685 132 209
672 38 248
682 120 245
684 145 289
685 132 290
671 121 357
681 33 356
681 33 437
699 96 218
688 82 299
691 115 353
693 140 397
687 106 406
692 160 407
691 115 434
693 140 478
694 127 479
697 77 488
705 158 364
705 158 445
727 165 226
719 82 297
722 148 297
720 50 326
721 55 339
727 32 368
734 127 380
720 50 407
729 96 403
721 55 420
726 143 469
721 55 501
735 172 241
747 151 284
743 131 354
749 82 482
761 142 218
766 81 222
757 165 411
765 172 426
752 148 482
756 126 485
775 129 207
776 148 208
775 142 268
779 36 290
778 130 325
769 58 386
777 151 469
792 66 221
793 39 234
784 38 278
787 165 279
798 159 283
791 142 403
796 81 407
799 48 263
800 82 297
803 148 297
807 126 300
799 127 320
803 136 348
805 129 392
806 148 393
805 142 453
809 36 475
800 123 511
805 145 512
815 147 249
822 66 406
817 165 464
511 124 573
519 155 639
512 138 765
513 108 760
521 143 816
529 178 578
540 140 582
534 47 601
535 52 614
529 178 659
540 140 663
534 47 682
535 52 695
533 131 749
548 124 574
543 93 597
556 110 787
563 79 676
561 122 733
567 154 747
583 55 580
577 177 767
582 46 790
592 127 519
596 123 763
591 92 786
618 146 515
619 161 794
636 63 600
637 36 613
628 35 657
631 54 769
627 168 809
643 63 574
646 129 574
651 109 572
650 139 577
643 45 642
644 79 676
651 123 679
659 144 628
661 123 703
666 145 704
665 132 731
668 144 776
658 77 790
671 132 561
685 39 660
684 62 789
685 35 802
699 123 545
694 111 599
691 62 763
706 154 555
716 177 575
706 154 636
716 177 656
707 143 817
721 46 517
722 51 530
727 139 660
722 51 692
719 131 750
744 127 545
747 122 734
742 110 788
758 161 602
766 168 617
753 144 673
757 122 676
754 154 736
764 177 756
754 154 817
779 126 516
769 46 698
770 51 711
775 139 760
769 46 779
778 92 775
792 127 726
783 123 752
804 132 539
810 32 666
806 161 783
814 168 798
815 34 654
