712 78 203
717 84 281
711 78 295
732 138 230
730 129 328
765 85 253
753 54 280
758 108 279
765 39 273
772 72 205
772 108 238
767 78 303
782 85 244
791 89 248
795 160 245
792 78 295
802 145 223
801 49 239
807 151 277
819 79 253
814 62 283
706 129 291
724 42 223
721 171 242
724 96 245
722 33 292
728 144 298
731 105 302
727 69 311
736 135 266
736 63 274
757 117 218
761 102 272
760 135 286
766 78 279
768 72 219
793 138 259
794 94 329
807 85 209
801 108 219
809 144 298
812 105 302
808 69 311
816 85 226
702 124 292
707 94 227
716 124 251
721 70 250
709 55 257
709 69 277
710 56 328
752 145 205
742 154 300
763 94 235
757 100 249
782 72 223
781 117 234
786 42 267
805 171 270
808 96 267
698 127 222
703 130 243
704 50 301
726 136 218
732 131 278
746 32 294
742 158 316
764 58 252
758 127 287
766 143 295
770 129 216
771 148 215
781 142 230
781 96 292
785 81 225
789 165 264
785 50 301
798 55 300
804 172 256
813 114 326
704 114 208
699 126 262
708 97 308
710 174 316
713 158 312
727 135 246
729 138 317
730 117 318
747 112 235
762 66 207
755 66 233
778 148 220
779 129 221
781 136 265
780 149 292
775 112 312
788 81 206
793 142 210
789 97 308
791 174 316
794 158 312
815 58 227
806 130 288
810 138 317
811 117 318
805 36 323
701 36 216
713 38 221
708 159 235
712 165 224
716 111 243
708 136 280
710 42 278
723 142 212
728 48 236
742 147 252
745 38 302
757 39 230
769 81 203
770 66 229
771 156 245
771 114 287
775 165 313
776 111 308
783 148 213
784 129 212
796 66 236
793 142 243
796 132 239
798 112 244
784 132 315
785 145 314
810 113 253
809 135 264
817 35 227
699 96 218
727 165 226
719 82 297
722 148 297
720 50 326
735 172 241
747 151 284
761 142 218
766 81 222
775 129 207
776 148 208
775 142 268
779 36 290
778 130 325
792 66 221
793 39 234
784 38 278
787 165 279
798 159 283
799 48 263
800 82 297
803 148 297
807 126 300
799 127 320
815 147 249
710 69 349
710 69 430
723 144 350
729 33 344
719 105 353
723 144 431
719 105 434
747 63 358
735 135 382
749 102 383
755 165 365
762 138 415
776 96 346
779 171 343
795 85 438
798 42 346
803 117 379
802 72 390
802 108 423
812 85 429
821 94 378
821 89 433
721 154 364
721 154 445
744 69 331
751 171 427
764 55 331
754 96 430
770 124 338
771 70 343
772 100 379
786 94 385
787 117 403
798 72 404
791 102 457
816 145 374
709 101 339
710 56 409
736 80 372
737 94 412
746 124 436
751 70 435
763 86 335
757 181 353
765 79 360
777 151 336
782 145 390
793 89 365
789 160 368
793 94 420
787 100 434
802 85 369
812 108 375
812 72 408
811 117 419
816 42 452
819 39 340
819 85 360
703 117 352
704 138 351
704 138 432
703 117 433
705 174 332
705 174 413
709 158 416
713 97 411
733 130 428
756 136 403
775 135 349
788 66 377
788 132 374
791 142 370
800 129 401
814 66 384
801 148 400
811 142 415
815 81 410
819 165 449
709 120 370
708 165 397
706 132 406
707 145 407
709 120 451
719 38 448
734 114 393
729 126 447
757 135 431
778 111 338
777 112 420
778 142 415
797 165 334
785 48 350
800 38 335
792 66 392
809 142 345
808 148 405
809 129 406
818 81 391
697 112 371
697 112 452
707 37 367
721 126 348
724 82 341
724 148 344
728 160 382
721 126 429
724 148 425
739 34 346
737 151 369
742 165 409
746 111 428
780 172 357
772 147 437
776 107 445
784 117 338
795 165 349
797 88 357
812 55 343
809 133 366
803 34 372
799 81 388
803 142 383
813 148 398
814 129 397
800 66 414
810 87 453
820 58 361
705 158 364
705 158 445
721 55 339
727 32 368
734 127 380
720 50 407
729 96 403
721 55 420
743 131 354
757 165 411
765 172 426
769 58 386
791 142 403
796 81 407
803 136 348
805 129 392
806 148 393
805 142 453
822 66 406
747 84 466
741 78 480
783 54 465
788 108 464
711 65 540
748 59 549
743 74 579
756 131 549
756 161 556
750 98 574
777 92 537
780 167 534
799 38 537
804 113 570
803 68 581
736 129 476
757 69 496
758 144 483
761 105 487
796 78 464
790 135 471
699 31 548
730 120 515
734 42 540
722 150 555
745 65 522
765 51 522
771 120 529
772 66 534
773 96 570
795 90 520
811 178 558
710 56 490
709 101 501
732 124 477
739 69 462
772 154 485
711 52 519
737 76 563
758 115 551
758 177 544
766 75 551
771 58 521
778 147 527
784 45 565
783 141 581
790 156 559
794 85 556
803 81 560
813 104 566
820 35 531
820 81 551
709 112 478
705 174 494
713 97 492
709 158 497
747 55 485
762 131 463
760 122 512
776 32 479
772 158 501
788 127 472
796 143 480
811 96 477
815 50 486
704 113 543
706 170 523
710 154 526
705 134 542
718 177 560
776 131 540
787 108 560
789 62 568
789 128 565
792 138 561
814 110 517
815 62 575
708 165 478
706 132 487
707 145 488
713 111 479
738 97 493
740 174 501
743 158 497
759 138 502
760 117 503
810 149 477
805 112 497
819 97 493
821 174 501
707 128 516
708 141 517
710 116 561
779 107 529
787 155 521
798 161 525
786 44 541
792 35 570
793 62 583
801 34 526
806 32 514
810 138 536
819 77 582
697 143 472
713 86 500
728 123 477
724 82 503
740 42 463
775 38 487
778 120 497
801 114 472
802 119 487
806 111 493
805 165 498
814 132 500
815 145 499
715 140 548
722 122 539
725 78 532
749 162 524
738 147 560
781 168 548
772 50 564
796 161 540
804 92 512
808 42 527
804 138 574
800 77 579
821 54 552
697 77 488
726 143 469
721 55 501
749 82 482
752 148 482
756 126 485
777 151 469
809 36 475
800 123 511
805 145 512
817 165 464
699 123 545
706 154 555
716 177 575
721 46 517
722 51 530
744 127 545
779 126 516
804 132 539
711 65 621
724 140 622
720 101 625
742 74 671
744 120 704
763 134 606
779 125 700
796 81 629
789 104 655
796 35 649
803 104 614
813 81 620
722 150 636
755 38 599
752 167 618
767 59 650
767 131 642
759 140 674
762 101 678
774 161 642
799 68 595
792 98 648
791 131 662
819 120 710
711 52 681
710 97 692
738 90 603
752 66 626
740 65 653
758 42 664
759 52 700
758 97 711
776 178 587
773 150 676
788 96 625
813 68 599
812 113 610
817 38 643
811 30 693
812 82 707
819 58 702
697 33 591
710 108 588
710 154 607
705 134 623
718 177 641
710 108 669
706 170 685
710 154 688
714 93 683
730 145 593
748 51 676
763 127 654
762 93 702
758 154 707
773 154 692
795 54 628
789 123 663
797 139 671
793 177 682
801 125 592
802 144 591
816 77 601
812 92 668
816 46 677
699 147 712
709 161 588
707 128 597
708 141 598
710 116 642
720 34 639
709 161 669
714 107 670
707 128 678
708 141 679
730 122 638
739 93 684
741 170 692
755 128 697
760 134 693
761 113 694
778 177 680
809 144 596
811 145 668
806 108 688
820 93 684
822 170 692
699 146 590
702 72 659
697 89 698
732 32 592
725 144 616
723 140 673
734 128 691
743 161 600
744 34 597
739 155 611
741 38 654
735 141 690
759 44 612
765 108 685
773 59 622
773 143 628
776 34 678
779 116 688
773 78 713
788 35 606
814 144 589
801 62 605
802 110 663
807 107 684
816 141 690
706 154 636
716 177 656
727 139 660
722 51 692
758 161 602
766 168 617
753 144 673
757 122 676
769 46 698
770 51 711
810 32 666
815 34 654
725 66 746
719 115 821
737 65 719
737 51 739
739 90 769
740 76 809
759 65 721
768 101 725
772 140 722
768 101 806
784 131 754
791 74 760
804 131 730
804 161 737
699 81 777
715 177 732
708 75 740
708 81 794
732 147 752
733 82 738
728 35 794
734 104 801
735 50 806
747 30 737
738 58 745
770 150 736
770 150 817
803 38 780
803 92 802
820 66 715
821 96 751
721 161 816
729 80 715
727 98 798
729 59 823
759 52 781
758 97 792
785 76 744
786 90 784
788 51 814
800 66 807
806 115 732
806 177 725
814 75 732
718 44 760
736 38 718
730 107 753
723 138 784
752 113 724
739 147 812
752 113 805
753 134 723
766 177 741
762 93 783
754 170 785
758 154 788
766 177 822
778 145 774
782 126 800
805 132 775
711 168 755
719 161 770
707 54 795
747 92 778
755 128 778
756 141 779
768 34 820
783 110 765
778 122 819
806 131 803
818 143 736
714 127 718
720 132 778
743 126 753
746 132 780
747 145 779
773 144 716
770 122 720
773 78 794
769 133 814
786 147 741
785 81 772
791 161 781
792 34 778
798 167 774
795 107 800
802 138 769
807 44 793
821 143 809
707 143 817
719 131 750
747 122 734
742 110 788
754 154 736
764 177 756
754 154 817
775 139 760
769 46 779
778 92 775
792 127 726
783 123 752
806 161 783
814 168 798
712 78 203
717 84 281
711 78 295
732 138 230
730 129 328
765 85 253
753 54 280
758 108 279
765 39 273
772 72 205
772 108 238
767 78 303
782 85 244
791 89 248
795 160 245
792 78 295
802 145 223
801 49 239
807 151 277
819 79 253
814 62 283
706 129 291
724 42 223
721 171 242
724 96 245
722 33 292
728 144 298
731 105 302
727 69 311
736 135 266
736 63 274
757 117 218
761 102 272
760 135 286
766 78 279
768 72 219
793 138 259
794 94 329
807 85 209
801 108 219
809 144 298
812 105 302
808 69 311
816 85 226
702 124 292
707 94 227
716 124 251
721 70 250
709 55 257
709 69 277
710 56 328
752 145 205
742 154 300
763 94 235
757 100 249
782 72 223
781 117 234
786 42 267
805 171 270
808 96 267
698 127 222
703 130 243
704 50 301
726 136 218
732 131 278
746 32 294
742 158 316
764 58 252
758 127 287
766 143 295
770 129 216
771 148 215
781 142 230
781 96 292
785 81 225
789 165 264
785 50 301
798 55 300
804 172 256
813 114 326
704 114 208
699 126 262
708 97 308
710 174 316
713 158 312
727 135 246
729 138 317
730 117 318
747 112 235
762 66 207
755 66 233
778 148 220
779 129 221
781 136 265
780 149 292
775 112 312
788 81 206
793 142 210
789 97 308
791 174 316
794 158 312
815 58 227
806 130 288
810 138 317
811 117 318
805 36 323
701 36 216
713 38 221
708 159 235
712 165 224
716 111 243
708 136 280
710 42 278
723 142 212
728 48 236
742 147 252
745 38 302
757 39 230
769 81 203
770 66 229
771 156 245
771 114 287
775 165 313
776 111 308
783 148 213
784 129 212
796 66 236
793 142 243
796 132 239
798 112 244
784 132 315
785 145 314
810 113 253
809 135 264
817 35 227
699 96 218
727 165 226
719 82 297
722 148 297
720 50 326
735 172 241
747 151 284
761 142 218
766 81 222
775 129 207
776 148 208
775 142 268
779 36 290
778 130 325
792 66 221
793 39 234
784 38 278
787 165 279
798 159 283
799 48 263
800 82 297
803 148 297
807 126 300
799 127 320
815 147 249
710 69 349
710 69 430
723 144 350
729 33 344
719 105 353
723 144 431
719 105 434
747 63 358
735 135 382
749 102 383
755 165 365
762 138 415
776 96 346
779 171 343
795 85 438
798 42 346
803 117 379
802 72 390
802 108 423
812 85 429
821 94 378
821 89 433
721 154 364
721 154 445
744 69 331
751 171 427
764 55 331
754 96 430
770 124 338
771 70 343
772 100 379
786 94 385
787 117 403
798 72 404
791 102 457
816 145 374
709 101 339
710 56 409
736 80 372
737 94 412
746 124 436
751 70 435
763 86 335
757 181 353
765 79 360
777 151 336
782 145 390
793 89 365
789 160 368
793 94 420
787 100 434
802 85 369
812 108 375
812 72 408
811 117 419
816 42 452
819 39 340
819 85 360
703 117 352
704 138 351
704 138 432
703 117 433
705 174 332
705 174 413
709 158 416
713 97 411
733 130 428
756 136 403
775 135 349
788 66 377
788 132 374
791 142 370
800 129 401
814 66 384
801 148 400
811 142 415
815 81 410
819 165 449
709 120 370
708 165 397
706 132 406
707 145 407
709 120 451
719 38 448
734 114 393
729 126 447
757 135 431
778 111 338
777 112 420
778 142 415
797 165 334
785 48 350
800 38 335
792 66 392
809 142 345
808 148 405
809 129 406
818 81 391
697 112 371
697 112 452
707 37 367
721 126 348
724 82 341
724 148 344
728 160 382
721 126 429
724 148 425
739 34 346
737 151 369
742 165 409
746 111 428
780 172 357
772 147 437
776 107 445
784 117 338
795 165 349
797 88 357
812 55 343
809 133 366
803 34 372
799 81 388
803 142 383
813 148 398
814 129 397
800 66 414
810 87 453
820 58 361
705 158 364
705 158 445
721 55 339
727 32 368
734 127 380
720 50 407
729 96 403
721 55 420
743 131 354
757 165 411
765 172 426
769 58 386
791 142 403
796 81 407
803 136 348
805 129 392
806 148 393
805 142 453
822 66 406
747 84 466
741 78 480
783 54 465
788 108 464
711 65 540
748 59 549
743 74 579
756 131 549
756 161 556
750 98 574
777 92 537
780 167 534
799 38 537
804 113 570
803 68 581
736 129 476
757 69 496
758 144 483
761 105 487
796 78 464
790 135 471
699 31 548
730 120 515
734 42 540
722 150 555
745 65 522
765 51 522
771 120 529
772 66 534
773 96 570
795 90 520
811 178 558
710 56 490
709 101 501
732 124 477
739 69 462
772 154 485
711 52 519
737 76 563
758 115 551
758 177 544
766 75 551
771 58 521
778 147 527
784 45 565
783 141 581
790 156 559
794 85 556
803 81 560
813 104 566
820 35 531
820 81 551
709 112 478
705 174 494
713 97 492
709 158 497
747 55 485
762 131 463
760 122 512
776 32 479
772 158 501
788 127 472
796 143 480
811 96 477
815 50 486
704 113 543
706 170 523
710 154 526
705 134 542
718 177 560
776 131 540
787 108 560
789 62 568
789 128 565
792 138 561
814 110 517
815 62 575
708 165 478
706 132 487
707 145 488
713 111 479
738 97 493
740 174 501
743 158 497
759 138 502
760 117 503
810 149 477
805 112 497
819 97 493
821 174 501
707 128 516
708 141 517
710 116 561
779 107 529
787 155 521
798 161 525
786 44 541
792 35 570
793 62 583
801 34 526
806 32 514
810 138 536
819 77 582
697 143 472
713 86 500
728 123 477
724 82 503
740 42 463
775 38 487
778 120 497
801 114 472
802 119 487
806 111 493
805 165 498
814 132 500
815 145 499
715 140 548
722 122 539
725 78 532
749 162 524
738 147 560
781 168 548
772 50 564
796 161 540
804 92 512
808 42 527
804 138 574
800 77 579
821 54 552
697 77 488
726 143 469
721 55 501
749 82 482
752 148 482
756 126 485
777 151 469
809 36 475
800 123 511
805 145 512
817 165 464
699 123 545
706 154 555
716 177 575
721 46 517
722 51 530
744 127 545
779 126 516
804 132 539
711 65 621
724 140 622
720 101 625
742 74 671
744 120 704
763 134 606
779 125 700
796 81 629
789 104 655
796 35 649
803 104 614
813 81 620
722 150 636
755 38 599
752 167 618
767 59 650
767 131 642
759 140 674
762 101 678
774 161 642
799 68 595
792 98 648
791 131 662
819 120 710
711 52 681
710 97 692
738 90 603
752 66 626
740 65 653
758 42 664
759 52 700
758 97 711
776 178 587
773 150 676
788 96 625
813 68 599
812 113 610
817 38 643
811 30 693
812 82 707
819 58 702
697 33 591
710 108 588
710 154 607
705 134 623
718 177 641
710 108 669
706 170 685
710 154 688
714 93 683
730 145 593
748 51 676
763 127 654
762 93 702
758 154 707
773 154 692
795 54 628
789 123 663
797 139 671
793 177 682
801 125 592
802 144 591
816 77 601
812 92 668
816 46 677
699 147 712
709 161 588
707 128 597
708 141 598
710 116 642
720 34 639
709 161 669
714 107 670
707 128 678
708 141 679
730 122 638
739 93 684
741 170 692
755 128 697
760 134 693
761 113 694
778 177 680
809 144 596
811 145 668
806 108 688
820 93 684
822 170 692
699 146 590
702 72 659
697 89 698
732 32 592
725 144 616
723 140 673
734 128 691
743 161 600
744 34 597
739 155 611
741 38 654
735 141 690
759 44 612
765 108 685
773 59 622
773 143 628
776 34 678
779 116 688
773 78 713
788 35 606
814 144 589
801 62 605
802 110 663
807 107 684
816 141 690
706 154 636
716 177 656
727 139 660
722 51 692
758 161 602
766 168 617
753 144 673
757 122 676
769 46 698
770 51 711
810 32 666
815 34 654
725 66 746
719 115 821
737 65 719
737 51 739
739 90 769
740 76 809
759 65 721
768 101 725
772 140 722
768 101 806
784 131 754
791 74 760
804 131 730
804 161 737
699 81 777
715 177 732
708 75 740
708 81 794
732 147 752
733 82 738
728 35 794
734 104 801
735 50 806
747 30 737
738 58 745
770 150 736
770 150 817
803 38 780
803 92 802
820 66 715
821 96 751
721 161 816
729 80 715
727 98 798
729 59 823
759 52 781
758 97 792
785 76 744
786 90 784
788 51 814
800 66 807
806 115 732
806 177 725
814 75 732
718 44 760
736 38 718
730 107 753
723 138 784
752 113 724
739 147 812
752 113 805
753 134 723
766 177 741
762 93 783
754 170 785
758 154 788
766 177 822
778 145 774
782 126 800
805 132 775
711 168 755
719 161 770
707 54 795
747 92 778
755 128 778
756 141 779
768 34 820
783 110 765
778 122 819
806 131 803
818 143 736
714 127 718
720 132 778
743 126 753
746 132 780
747 145 779
773 144 716
770 122 720
773 78 794
769 133 814
786 147 741
785 81 772
791 161 781
792 34 778
798 167 774
795 107 800
802 138 769
807 44 793
821 143 809
707 143 817
719 131 750
747 122 734
742 110 788
754 154 736
764 177 756
754 154 817
775 139 760
769 46 779
778 92 775
792 127 726
783 123 752
806 161 783
814 168 798
712 78 203
717 84 281
711 78 295
732 138 230
730 129 328
765 85 253
753 54 280
758 108 279
765 39 273
772 72 205
772 108 238
767 78 303
782 85 244
791 89 248
795 160 245
792 78 295
802 145 223
801 49 239
807 151 277
819 79 253
814 62 283
706 129 291
724 42 223
721 171 242
724 96 245
722 33 292
728 144 298
731 105 302
727 69 311
736 135 266
736 63 274
757 117 218
761 102 272
760 135 286
766 78 279
768 72 219
793 138 259
794 94 329
807 85 209
801 108 219
809 144 298
812 105 302
808 69 311
816 85 226
702 124 292
707 94 227
716 124 251
721 70 250
709 55 257
709 69 277
710 56 328
752 145 205
742 154 300
763 94 235
757 100 249
782 72 223
781 117 234
786 42 267
805 171 270
808 96 267
698 127 222
703 130 243
704 50 301
726 136 218
732 131 278
746 32 294
742 158 316
764 58 252
758 127 287
766 143 295
770 129 216
771 148 215
781 142 230
781 96 292
785 81 225
789 165 264
785 50 301
798 55 300
804 172 256
813 114 326
704 114 208
699 126 262
708 97 308
710 174 316
713 158 312
727 135 246
729 138 317
730 117 318
747 112 235
762 66 207
755 66 233
778 148 220
779 129 221
781 136 265
780 149 292
775 112 312
788 81 206
793 142 210
789 97 308
791 174 316
794 158 312
815 58 227
806 130 288
810 138 317
811 117 318
805 36 323
701 36 216
713 38 221
708 159 235
712 165 224
716 111 243
708 136 280
710 42 278
723 142 212
728 48 236
742 147 252
745 38 302
757 39 230
769 81 203
770 66 229
771 156 245
771 114 287
775 165 313
776 111 308
783 148 213
784 129 212
796 66 236
793 142 243
796 132 239
798 112 244
784 132 315
785 145 314
810 113 253
809 135 264
817 35 227
699 96 218
727 165 226
719 82 297
722 148 297
720 50 326
735 172 241
747 151 284
761 142 218
766 81 222
775 129 207
776 148 208
775 142 268
779 36 290
778 130 325
792 66 221
793 39 234
784 38 278
787 165 279
798 159 283
799 48 263
800 82 297
803 148 297
807 126 300
799 127 320
815 147 249
710 69 349
710 69 430
723 144 350
729 33 344
719 105 353
723 144 431
719 105 434
747 63 358
735 135 382
749 102 383
755 165 365
762 138 415
776 96 346
779 171 343
795 85 438
798 42 346
803 117 379
802 72 390
802 108 423
812 85 429
821 94 378
821 89 433
721 154 364
721 154 445
744 69 331
751 171 427
764 55 331
754 96 430
770 124 338
771 70 343
772 100 379
786 94 385
787 117 403
798 72 404
791 102 457
816 145 374
709 101 339
710 56 409
736 80 372
737 94 412
746 124 436
751 70 435
763 86 335
757 181 353
765 79 360
777 151 336
782 145 390
793 89 365
789 160 368
793 94 420
787 100 434
802 85 369
812 108 375
812 72 408
811 117 419
816 42 452
819 39 340
819 85 360
703 117 352
704 138 351
704 138 432
703 117 433
705 174 332
705 174 413
709 158 416
713 97 411
733 130 428
756 136 403
775 135 349
788 66 377
788 132 374
791 142 370
800 129 401
814 66 384
801 148 400
811 142 415
815 81 410
819 165 449
709 120 370
708 165 397
706 132 406
707 145 407
709 120 451
719 38 448
734 114 393
729 126 447
757 135 431
778 111 338
777 112 420
778 142 415
797 165 334
785 48 350
800 38 335
792 66 392
809 142 345
808 148 405
809 129 406
818 81 391
697 112 371
697 112 452
707 37 367
721 126 348
724 82 341
724 148 344
728 160 382
721 126 429
724 148 425
739 34 346
737 151 369
742 165 409
746 111 428
780 172 357
772 147 437
776 107 445
784 117 338
795 165 349
797 88 357
812 55 343
809 133 366
803 34 372
799 81 388
803 142 383
813 148 398
814 129 397
800 66 414
810 87 453
820 58 361
705 158 364
705 158 445
721 55 339
727 32 368
734 127 380
720 50 407
729 96 403
721 55 420
743 131 354
757 165 411
765 172 426
769 58 386
791 142 403
796 81 407
803 136 348
805 129 392
806 148 393
805 142 453
822 66 406
747 84 466
741 78 480
783 54 465
788 108 464
711 65 540
748 59 549
743 74 579
756 131 549
756 161 556
750 98 574
777 92 537
780 167 534
799 38 537
804 113 570
803 68 581
736 129 476
757 69 496
758 144 483
761 105 487
796 78 464
790 135 471
699 31 548
730 120 515
734 42 540
722 150 555
745 65 522
765 51 522
771 120 529
772 66 534
773 96 570
795 90 520
811 178 558
710 56 490
709 101 501
732 124 477
739 69 462
772 154 485
711 52 519
737 76 563
758 115 551
758 177 544
766 75 551
771 58 521
778 147 527
784 45 565
783 141 581
790 156 559
794 85 556
803 81 560
813 104 566
820 35 531
820 81 551
709 112 478
705 174 494
713 97 492
709 158 497
747 55 485
762 131 463
760 122 512
776 32 479
772 158 501
788 127 472
796 143 480
811 96 477
815 50 486
704 113 543
706 170 523
710 154 526
705 134 542
718 177 560
776 131 540
787 108 560
789 62 568
789 128 565
792 138 561
814 110 517
815 62 575
708 165 478
706 132 487
707 145 488
713 111 479
738 97 493
740 174 501
743 158 497
759 138 502
760 117 503
810 149 477
805 112 497
819 97 493
821 174 501
707 128 516
708 141 517
710 116 561
779 107 529
787 155 521
798 161 525
786 44 541
792 35 570
793 62 583
801 34 526
806 32 514
810 138 536
819 77 582
697 143 472
713 86 500
728 123 477
724 82 503
740 42 463
775 38 487
778 120 497
801 114 472
802 119 487
806 111 493
805 165 498
814 132 500
815 145 499
715 140 548
722 122 539
725 78 532
749 162 524
738 147 560
781 168 548
772 50 564
796 161 540
804 92 512
808 42 527
804 138 574
800 77 579
821 54 552
697 77 488
726 143 469
721 55 501
749 82 482
752 148 482
756 126 485
777 151 469
809 36 475
800 123 511
805 145 512
817 165 464
699 123 545
706 154 555
716 177 575
721 46 517
722 51 530
744 127 545
779 126 516
804 132 539
711 65 621
724 140 622
720 101 625
742 74 671
744 120 704
763 134 606
779 125 700
796 81 629
789 104 655
796 35 649
803 104 614
813 81 620
722 150 636
755 38 599
752 167 618
767 59 650
767 131 642
759 140 674
762 101 678
774 161 642
799 68 595
792 98 648
791 131 662
819 120 710
711 52 681
710 97 692
738 90 603
752 66 626
740 65 653
758 42 664
759 52 700
758 97 711
776 178 587
773 150 676
788 96 625
813 68 599
812 113 610
817 38 643
811 30 693
812 82 707
819 58 702
697 33 591
710 108 588
710 154 607
705 134 623
718 177 641
710 108 669
706 170 685
710 154 688
714 93 683
730 145 593
748 51 676
763 127 654
762 93 702
758 154 707
773 154 692
795 54 628
789 123 663
797 139 671
793 177 682
801 125 592
802 144 591
816 77 601
812 92 668
816 46 677
699 147 712
709 161 588
707 128 597
708 141 598
710 116 642
720 34 639
709 161 669
714 107 670
707 128 678
708 141 679
730 122 638
739 93 684
741 170 692
755 128 697
760 134 693
761 113 694
778 177 680
809 144 596
811 145 668
806 108 688
820 93 684
822 170 692
699 146 590
702 72 659
697 89 698
732 32 592
725 144 616
723 140 673
734 128 691
743 161 600
744 34 597
739 155 611
741 38 654
735 141 690
759 44 612
765 108 685
773 59 622
773 143 628
776 34 678
779 116 688
773 78 713
788 35 606
814 144 589
801 62 605
802 110 663
807 107 684
816 141 690
706 154 636
716 177 656
727 139 660
722 51 692
758 161 602
766 168 617
753 144 673
757 122 676
769 46 698
770 51 711
810 32 666
815 34 654
725 66 746
719 115 821
737 65 719
737 51 739
739 90 769
740 76 809
759 65 721
768 101 725
772 140 722
768 101 806
784 131 754
791 74 760
804 131 730
804 161 737
699 81 777
715 177 732
708 75 740
708 81 794
732 147 752
733 82 738
728 35 794
734 104 801
735 50 806
747 30 737
738 58 745
770 150 736
770 150 817
803 38 780
803 92 802
820 66 715
821 96 751
721 161 816
729 80 715
727 98 798
729 59 823
759 52 781
758 97 792
785 76 744
786 90 784
788 51 814
800 66 807
806 115 732
806 177 725
814 75 732
718 44 760
736 38 718
730 107 753
723 138 784
752 113 724
739 147 812
752 113 805
753 134 723
766 177 741
762 93 783
754 170 785
758 154 788
766 177 822
778 145 774
782 126 800
805 132 775
711 168 755
719 161 770
707 54 795
747 92 778
755 128 778
756 141 779
768 34 820
783 110 765
778 122 819
806 131 803
818 143 736
714 127 718
720 132 778
743 126 753
746 132 780
747 145 779
773 144 716
770 122 720
773 78 794
769 133 814
786 147 741
785 81 772
791 161 781
792 34 778
798 167 774
795 107 800
802 138 769
807 44 793
821 143 809
707 143 817
719 131 750
747 122 734
742 110 788
754 154 736
764 177 756
754 154 817
775 139 760
769 46 779
778 92 775
792 127 726
783 123 752
806 161 783
814 168 798
712 78 203
717 84 281
711 78 295
732 138 230
730 129 328
765 85 253
753 54 280
758 108 279
765 39 273
772 72 205
772 108 238
767 78 303
782 85 244
791 89 248
795 160 245
792 78 295
802 145 223
801 49 239
807 151 277
819 79 253
814 62 283
706 129 291
724 42 223
721 171 242
724 96 245
722 33 292
728 144 298
731 105 302
727 69 311
736 135 266
736 63 274
757 117 218
761 102 272
760 135 286
766 78 279
768 72 219
793 138 259
794 94 329
807 85 209
801 108 219
809 144 298
812 105 302
808 69 311
816 85 226
702 124 292
707 94 227
716 124 251
721 70 250
709 55 257
709 69 277
710 56 328
752 145 205
742 154 300
763 94 235
757 100 249
782 72 223
781 117 234
786 42 267
805 171 270
808 96 267
698 127 222
703 130 243
704 50 301
726 136 218
732 131 278
746 32 294
742 158 316
764 58 252
758 127 287
766 143 295
770 129 216
771 148 215
781 142 230
781 96 292
785 81 225
789 165 264
785 50 301
798 55 300
804 172 256
813 114 326
704 114 208
699 126 262
708 97 308
710 174 316
713 158 312
727 135 246
729 138 317
730 117 318
747 112 235
762 66 207
755 66 233
778 148 220
779 129 221
781 136 265
780 149 292
775 112 312
788 81 206
793 142 210
789 97 308
791 174 316
794 158 312
815 58 227
806 130 288
810 138 317
811 117 318
805 36 323
701 36 216
713 38 221
708 159 235
712 165 224
716 111 243
708 136 280
710 42 278
723 142 212
728 48 236
742 147 252
745 38 302
757 39 230
769 81 203
770 66 229
771 156 245
771 114 287
775 165 313
776 111 308
783 148 213
784 129 212
796 66 236
793 142 243
796 132 239
798 112 244
784 132 315
785 145 314
810 113 253
809 135 264
817 35 227
699 96 218
727 165 226
719 82 297
722 148 297
720 50 326
735 172 241
747 151 284
761 142 218
766 81 222
775 129 207
776 148 208
775 142 268
779 36 290
778 130 325
792 66 221
793 39 234
784 38 278
787 165 279
798 159 283
799 48 263
800 82 297
803 148 297
807 126 300
799 127 320
815 147 249
710 69 349
710 69 430
723 144 350
729 33 344
719 105 353
723 144 431
719 105 434
747 63 358
735 135 382
749 102 383
755 165 365
762 138 415
776 96 346
779 171 343
795 85 438
798 42 346
803 117 379
802 72 390
802 108 423
812 85 429
821 94 378
821 89 433
721 154 364
721 154 445
744 69 331
751 171 427
764 55 331
754 96 430
770 124 338
771 70 343
772 100 379
786 94 385
787 117 403
798 72 404
791 102 457
816 145 374
709 101 339
710 56 409
736 80 372
737 94 412
746 124 436
751 70 435
763 86 335
757 181 353
765 79 360
777 151 336
782 145 390
793 89 365
789 160 368
793 94 420
787 100 434
802 85 369
812 108 375
812 72 408
811 117 419
816 42 452
819 39 340
819 85 360
703 117 352
704 138 351
704 138 432
703 117 433
705 174 332
705 174 413
709 158 416
713 97 411
733 130 428
756 136 403
775 135 349
788 66 377
788 132 374
791 142 370
800 129 401
814 66 384
801 148 400
811 142 415
815 81 410
819 165 449
709 120 370
708 165 397
706 132 406
707 145 407
709 120 451
719 38 448
734 114 393
729 126 447
757 135 431
778 111 338
777 112 420
778 142 415
797 165 334
785 48 350
800 38 335
792 66 392
809 142 345
808 148 405
809 129 406
818 81 391
697 112 371
697 112 452
707 37 367
721 126 348
724 82 341
724 148 344
728 160 382
721 126 429
724 148 425
739 34 346
737 151 369
742 165 409
746 111 428
780 172 357
772 147 437
776 107 445
784 117 338
795 165 349
797 88 357
812 55 343
809 133 366
803 34 372
799 81 388
803 142 383
813 148 398
814 129 397
800 66 414
810 87 453
820 58 361
705 158 364
705 158 445
721 55 339
727 32 368
734 127 380
720 50 407
729 96 403
721 55 420
743 131 354
757 165 411
765 172 426
769 58 386
791 142 403
796 81 407
803 136 348
805 129 392
806 148 393
805 142 453
822 66 406
747 84 466
741 78 480
783 54 465
788 108 464
711 65 540
748 59 549
743 74 579
756 131 549
756 161 556
750 98 574
777 92 537
780 167 534
799 38 537
804 113 570
803 68 581
736 129 476
757 69 496
758 144 483
761 105 487
796 78 464
790 135 471
699 31 548
730 120 515
734 42 540
722 150 555
745 65 522
765 51 522
771 120 529
772 66 534
773 96 570
795 90 520
811 178 558
710 56 490
709 101 501
732 124 477
739 69 462
772 154 485
711 52 519
737 76 563
758 115 551
758 177 544
766 75 551
771 58 521
778 147 527
784 45 565
783 141 581
790 156 559
794 85 556
803 81 560
813 104 566
820 35 531
820 81 551
709 112 478
705 174 494
713 97 492
709 158 497
747 55 485
762 131 463
760 122 512
776 32 479
772 158 501
788 127 472
796 143 480
811 96 477
815 50 486
704 113 543
706 170 523
710 154 526
705 134 542
718 177 560
776 131 540
787 108 560
789 62 568
789 128 565
792 138 561
814 110 517
815 62 575
708 165 478
706 132 487
707 145 488
713 111 479
738 97 493
740 174 501
743 158 497
759 138 502
760 117 503
810 149 477
805 112 497
819 97 493
821 174 501
707 128 516
708 141 517
710 116 561
779 107 529
787 155 521
798 161 525
786 44 541
792 35 570
793 62 583
801 34 526
806 32 514
810 138 536
819 77 582
697 143 472
713 86 500
728 123 477
724 82 503
740 42 463
775 38 487
778 120 497
801 114 472
802 119 487
806 111 493
805 165 498
814 132 500
815 145 499
715 140 548
722 122 539
725 78 532
749 162 524
738 147 560
781 168 548
772 50 564
796 161 540
804 92 512
808 42 527
804 138 574
800 77 579
821 54 552
697 77 488
726 143 469
721 55 501
749 82 482
752 148 482
756 126 485
777 151 469
809 36 475
800 123 511
805 145 512
817 165 464
699 123 545
706 154 555
716 177 575
721 46 517
722 51 530
744 127 545
779 126 516
804 132 539
711 65 621
724 140 622
720 101 625
742 74 671
744 120 704
763 134 606
779 125 700
796 81 629
789 104 655
796 35 649
803 104 614
813 81 620
722 150 636
755 38 599
752 167 618
767 59 650
767 131 642
759 140 674
762 101 678
774 161 642
799 68 595
792 98 648
791 131 662
819 120 710
711 52 681
710 97 692
738 90 603
752 66 626
740 65 653
758 42 664
759 52 700
758 97 711
776 178 587
773 150 676
788 96 625
813 68 599
812 113 610
817 38 643
811 30 693
812 82 707
819 58 702
697 33 591
710 108 588
710 154 607
705 134 623
718 177 641
710 108 669
706 170 685
710 154 688
714 93 683
730 145 593
748 51 676
763 127 654
762 93 702
758 154 707
773 154 692
795 54 628
789 123 663
797 139 671
793 177 682
801 125 592
802 144 591
816 77 601
812 92 668
816 46 677
699 147 712
709 161 588
707 128 597
708 141 598
710 116 642
720 34 639
709 161 669
714 107 670
707 128 678
708 141 679
730 122 638
739 93 684
741 170 692
755 128 697
760 134 693
761 113 694
778 177 680
809 144 596
811 145 668
806 108 688
820 93 684
822 170 692
699 146 590
702 72 659
697 89 698
732 32 592
725 144 616
723 140 673
734 128 691
743 161 600
744 34 597
739 155 611
741 38 654
735 141 690
759 44 612
765 108 685
773 59 622
773 143 628
776 34 678
779 116 688
773 78 713
788 35 606
814 144 589
801 62 605
802 110 663
807 107 684
816 141 690
706 154 636
716 177 656
727 139 660
722 51 692
758 161 602
766 168 617
753 144 673
757 122 676
769 46 698
770 51 711
810 32 666
815 34 654
725 66 746
719 115 821
737 65 719
737 51 739
739 90 769
740 76 809
759 65 721
768 101 725
772 140 722
768 101 806
784 131 754
791 74 760
804 131 730
804 161 737
699 81 777
715 177 732
708 75 740
708 81 794
732 147 752
733 82 738
728 35 794
734 104 801
735 50 806
747 30 737
738 58 745
770 150 736
770 150 817
803 38 780
803 92 802
820 66 715
821 96 751
721 161 816
729 80 715
727 98 798
729 59 823
759 52 781
758 97 792
785 76 744
786 90 784
788 51 814
800 66 807
806 115 732
806 177 725
814 75 732
718 44 760
736 38 718
730 107 753
723 138 784
752 113 724
739 147 812
752 113 805
753 134 723
766 177 741
762 93 783
754 170 785
758 154 788
766 177 822
778 145 774
782 126 800
805 132 775
711 168 755
719 161 770
707 54 795
747 92 778
755 128 778
756 141 779
768 34 820
783 110 765
778 122 819
806 131 803
818 143 736
714 127 718
720 132 778
743 126 753
746 132 780
747 145 779
773 144 716
770 122 720
773 78 794
769 133 814
786 147 741
785 81 772
791 161 781
792 34 778
798 167 774
795 107 800
802 138 769
807 44 793
821 143 809
707 143 817
719 131 750
747 122 734
742 110 788
754 154 736
764 177 756
754 154 817
775 139 760
769 46 779
778 92 775
792 127 726
783 123 752
806 161 783
814 168 798
712 78 203
717 84 281
711 78 295
732 138 230
730 129 328
765 85 253
753 54 280
758 108 279
765 39 273
772 72 205
772 108 238
767 78 303
782 85 244
791 89 248
795 160 245
792 78 295
802 145 223
801 49 239
807 151 277
819 79 253
814 62 283
706 129 291
724 42 223
721 171 242
724 96 245
722 33 292
728 144 298
731 105 302
727 69 311
736 135 266
736 63 274
757 117 218
761 102 272
760 135 286
766 78 279
768 72 219
793 138 259
794 94 329
807 85 209
801 108 219
809 144 298
812 105 302
808 69 311
816 85 226
702 124 292
707 94 227
716 124 251
721 70 250
709 55 257
709 69 277
710 56 328
752 145 205
742 154 300
763 94 235
757 100 249
782 72 223
781 117 234
786 42 267
805 171 270
808 96 267
698 127 222
703 130 243
704 50 301
726 136 218
732 131 278
746 32 294
742 158 316
764 58 252
758 127 287
766 143 295
770 129 216
771 148 215
781 142 230
781 96 292
785 81 225
789 165 264
785 50 301
798 55 300
804 172 256
813 114 326
704 114 208
699 126 262
708 97 308
710 174 316
713 158 312
727 135 246
729 138 317
730 117 318
747 112 235
762 66 207
755 66 233
778 148 220
779 129 221
781 136 265
780 149 292
775 112 312
788 81 206
793 142 210
789 97 308
791 174 316
794 158 312
815 58 227
806 130 288
810 138 317
811 117 318
805 36 323
701 36 216
713 38 221
708 159 235
712 165 224
716 111 243
708 136 280
710 42 278
723 142 212
728 48 236
742 147 252
745 38 302
757 39 230
769 81 203
770 66 229
771 156 245
771 114 287
775 165 313
776 111 308
783 148 213
784 129 212
796 66 236
793 142 243
796 132 239
798 112 244
784 132 315
785 145 314
810 113 253
809 135 264
817 35 227
699 96 218
727 165 226
719 82 297
722 148 297
720 50 326
735 172 241
747 151 284
761 142 218
766 81 222
775 129 207
776 148 208
775 142 268
779 36 290
778 130 325
792 66 221
793 39 234
784 38 278
787 165 279
798 159 283
799 48 263
800 82 297
803 148 297
807 126 300
799 127 320
815 147 249
710 69 349
710 69 430
723 144 350
729 33 344
719 105 353
723 144 431
719 105 434
747 63 358
735 135 382
749 102 383
755 165 365
762 138 415
776 96 346
779 171 343
795 85 438
798 42 346
803 117 379
802 72 390
802 108 423
812 85 429
821 94 378
821 89 433
721 154 364
721 154 445
744 69 331
751 171 427
764 55 331
754 96 430
770 124 338
771 70 343
772 100 379
786 94 385
787 117 403
798 72 404
791 102 457
816 145 374
709 101 339
710 56 409
736 80 372
737 94 412
746 124 436
751 70 435
763 86 335
757 181 353
765 79 360
777 151 336
782 145 390
793 89 365
789 160 368
793 94 420
787 100 434
802 85 369
812 108 375
812 72 408
811 117 419
816 42 452
819 39 340
819 85 360
703 117 352
704 138 351
704 138 432
703 117 433
705 174 332
705 174 413
709 158 416
713 97 411
733 130 428
756 136 403
775 135 349
788 66 377
788 132 374
791 142 370
800 129 401
814 66 384
801 148 400
811 142 415
815 81 410
819 165 449
709 120 370
708 165 397
706 132 406
707 145 407
709 120 451
719 38 448
734 114 393
729 126 447
757 135 431
778 111 338
777 112 420
778 142 415
797 165 334
785 48 350
800 38 335
792 66 392
809 142 345
808 148 405
809 129 406
818 81 391
697 112 371
697 112 452
707 37 367
721 126 348
724 82 341
724 148 344
728 160 382
721 126 429
724 148 425
739 34 346
737 151 369
742 165 409
746 111 428
780 172 357
772 147 437
776 107 445
784 117 338
795 165 349
797 88 357
812 55 343
809 133 366
803 34 372
799 81 388
803 142 383
813 148 398
814 129 397
800 66 414
810 87 453
820 58 361
705 158 364
705 158 445
721 55 339
727 32 368
734 127 380
720 50 407
729 96 403
721 55 420
743 131 354
757 165 411
765 172 426
769 58 386
791 142 403
796 81 407
803 136 348
805 129 392
806 148 393
805 142 453
822 66 406
747 84 466
741 78 480
783 54 465
788 108 464
711 65 540
748 59 549
743 74 579
756 131 549
756 161 556
750 98 574
777 92 537
780 167 534
799 38 537
804 113 570
803 68 581
736 129 476
757 69 496
758 144 483
761 105 487
796 78 464
790 135 471
699 31 548
730 120 515
734 42 540
722 150 555
745 65 522
765 51 522
771 120 529
772 66 534
773 96 570
795 90 520
811 178 558
710 56 490
709 101 501
732 124 477
739 69 462
772 154 485
711 52 519
737 76 563
758 115 551
758 177 544
766 75 551
771 58 521
778 147 527
784 45 565
783 141 581
790 156 559
794 85 556
803 81 560
813 104 566
820 35 531
820 81 551
709 112 478
705 174 494
713 97 492
709 158 497
747 55 485
762 131 463
760 122 512
776 32 479
772 158 501
788 127 472
796 143 480
811 96 477
815 50 486
704 113 543
706 170 523
710 154 526
705 134 542
718 177 560
776 131 540
787 108 560
789 62 568
789 128 565
792 138 561
814 110 517
815 62 575
708 165 478
706 132 487
707 145 488
713 111 479
738 97 493
740 174 501
743 158 497
759 138 502
760 117 503
810 149 477
805 112 497
819 97 493
821 174 501
707 128 516
708 141 517
710 116 561
779 107 529
787 155 521
798 161 525
786 44 541
792 35 570
793 62 583
801 34 526
806 32 514
810 138 536
819 77 582
697 143 472
713 86 500
728 123 477
724 82 503
740 42 463
775 38 487
778 120 497
801 114 472
802 119 487
806 111 493
805 165 498
814 132 500
815 145 499
715 140 548
722 122 539
725 78 532
749 162 524
738 147 560
781 168 548
772 50 564
796 161 540
804 92 512
808 42 527
804 138 574
800 77 579
821 54 552
697 77 488
726 143 469
721 55 501
749 82 482
752 148 482
756 126 485
777 151 469
809 36 475
800 123 511
805 145 512
817 165 464
699 123 545
706 154 555
716 177 575
721 46 517
722 51 530
744 127 545
779 126 516
804 132 539
711 65 621
724 140 622
720 101 625
742 74 671
744 120 704
763 134 606
779 125 700
796 81 629
789 104 655
796 35 649
803 104 614
813 81 620
722 150 636
755 38 599
752 167 618
767 59 650
767 131 642
759 140 674
762 101 678
774 161 642
799 68 595
792 98 648
791 131 662
819 120 710
711 52 681
710 97 692
738 90 603
752 66 626
740 65 653
758 42 664
759 52 700
758 97 711
776 178 587
773 150 676
788 96 625
813 68 599
812 113 610
817 38 643
811 30 693
812 82 707
819 58 702
697 33 591
710 108 588
710 154 607
705 134 623
718 177 641
710 108 669
706 170 685
710 154 688
714 93 683
730 145 593
748 51 676
763 127 654
762 93 702
758 154 707
773 154 692
795 54 628
789 123 663
797 139 671
793 177 682
801 125 592
802 144 591
816 77 601
812 92 668
816 46 677
699 147 712
709 161 588
707 128 597
708 141 598
710 116 642
720 34 639
709 161 669
714 107 670
707 128 678
708 141 679
730 122 638
739 93 684
741 170 692
755 128 697
760 134 693
761 113 694
778 177 680
809 144 596
811 145 668
806 108 688
820 93 684
822 170 692
699 146 590
702 72 659
697 89 698
732 32 592
725 144 616
723 140 673
734 128 691
743 161 600
744 34 597
739 155 611
741 38 654
735 141 690
759 44 612
765 108 685
773 59 622
773 143 628
776 34 678
779 116 688
773 78 713
788 35 606
814 144 589
801 62 605
802 110 663
807 107 684
816 141 690
706 154 636
716 177 656
727 139 660
722 51 692
758 161 602
766 168 617
753 144 673
757 122 676
769 46 698
770 51 711
810 32 666
815 34 654
725 66 746
719 115 821
737 65 719
737 51 739
739 90 769
740 76 809
759 65 721
768 101 725
772 140 722
768 101 806
784 131 754
791 74 760
804 131 730
804 161 737
699 81 777
715 177 732
708 75 740
708 81 794
732 147 752
733 82 738
728 35 794
734 104 801
735 50 806
747 30 737
738 58 745
770 150 736
770 150 817
803 38 780
803 92 802
820 66 715
821 96 751
721 161 816
729 80 715
727 98 798
729 59 823
759 52 781
758 97 792
785 76 744
786 90 784
788 51 814
800 66 807
806 115 732
806 177 725
814 75 732
718 44 760
736 38 718
730 107 753
723 138 784
752 113 724
739 147 812
752 113 805
753 134 723
766 177 741
762 93 783
754 170 785
758 154 788
766 177 822
778 145 774
782 126 800
805 132 775
711 168 755
719 161 770
707 54 795
747 92 778
755 128 778
756 141 779
768 34 820
783 110 765
778 122 819
806 131 803
818 143 736
714 127 718
720 132 778
743 126 753
746 132 780
747 145 779
773 144 716
770 122 720
773 78 794
769 133 814
786 147 741
785 81 772
791 161 781
792 34 778
798 167 774
795 107 800
802 138 769
807 44 793
821 143 809
707 143 817
719 131 750
747 122 734
742 110 788
754 154 736
764 177 756
754 154 817
775 139 760
769 46 779
778 92 775
792 127 726
783 123 752
806 161 783
814 168 798
