206 125 247
207 144 246
203 128 332
203 125 435
204 144 434
220 62 230
220 177 248
221 77 256
217 138 261
217 92 323
211 107 339
217 62 418
217 177 436
218 77 444
214 138 449
222 161 483
214 92 511
233 35 229
240 168 287
225 161 295
230 35 417
237 168 475
248 143 207
245 143 395
262 44 223
267 138 247
259 44 411
271 107 404
274 107 216
282 155 224
277 34 238
278 161 235
283 147 275
283 141 333
284 128 332
279 155 412
274 34 426
275 161 423
286 32 431
280 147 463
296 78 222
299 122 215
289 32 243
296 144 300
299 122 296
293 78 329
293 144 407
293 78 491
293 144 488
296 122 484
320 130 246
321 50 304
334 55 303
327 146 436
331 127 462
343 136 221
349 131 281
363 32 297
356 35 345
360 128 497
381 58 255
384 109 403
387 129 219
388 148 218
398 142 233
386 63 411
386 129 408
398 126 435
392 55 471
386 124 506
402 81 228
406 165 267
412 63 418
412 178 436
413 78 444
403 130 466
409 93 511
421 172 259
432 169 475
417 162 483
437 35 345
440 144 395
464 143 298
454 45 411
459 139 435
477 148 272
478 142 333
479 129 332
472 39 369
466 108 404
474 156 412
469 35 426
470 162 423
483 50 304
496 55 303
488 79 329
488 145 407
491 123 403
481 33 431
510 130 245
511 50 303
203 123 693
205 177 750
214 141 520
215 128 519
223 107 526
224 161 521
215 125 622
216 144 621
220 129 653
209 54 658
217 145 783
221 126 809
228 110 547
229 62 605
229 177 623
226 138 636
230 77 631
234 161 670
254 34 532
249 168 662
247 122 702
244 132 784
257 143 582
271 44 598
263 131 730
283 107 591
276 138 622
286 34 613
274 108 750
279 138 751
276 62 758
276 128 755
288 125 782
282 54 818
289 38 556
298 32 618
301 110 707
302 62 765
289 144 781
302 177 783
299 138 796
303 77 791
305 78 516
308 122 590
305 78 597
305 144 594
315 35 764
335 156 557
329 115 574
330 136 573
331 172 635
330 143 742
344 143 521
345 130 520
339 95 552
343 179 591
343 179 672
344 44 758
349 138 782
353 109 527
355 147 624
362 38 716
356 107 751
364 155 759
360 161 770
365 147 810
381 118 523
384 36 533
382 134 625
381 170 714
371 32 778
381 170 795
379 113 815
380 134 814
385 124 543
385 154 717
389 93 712
393 177 751
385 108 779
385 154 798
389 93 793
414 125 694
405 145 784
409 126 810
425 143 521
426 130 520
426 127 623
427 146 622
432 132 785
434 109 527
435 163 522
439 112 548
440 179 624
437 140 637
441 79 632
445 163 671
435 122 703
437 94 699
460 170 663
451 131 731
462 108 751
464 62 759
464 128 756
468 145 583
467 138 752
476 125 783
477 144 782
470 54 819
494 109 592
482 46 599
487 140 623
490 62 766
490 177 784
487 138 797
491 77 792
502 157 600
497 36 614
498 163 611
509 34 619
503 149 651
503 35 765
524 55 302
514 122 413
519 125 434
533 136 220
539 131 280
549 158 318
545 121 327
571 58 254
565 127 289
573 143 297
561 130 355
572 107 375
574 61 383
574 122 478
577 129 218
588 142 232
588 96 294
592 50 303
586 124 407
587 143 406
580 53 443
582 138 486
600 61 390
600 176 408
597 137 421
605 160 455
601 45 492
611 172 258
613 34 389
620 167 447
614 50 491
638 142 218
628 142 367
648 38 209
654 151 246
654 143 297
642 43 383
654 106 376
660 36 214
667 148 271
670 126 267
667 82 274
660 37 341
662 154 384
657 33 398
658 160 395
669 31 403
663 146 435
686 55 302
676 77 382
676 143 379
679 121 375
676 77 463
676 143 460
679 121 456
682 45 492
698 127 222
703 130 243
704 50 301
703 117 352
704 138 351
704 138 432
703 117 433
695 50 491
705 174 332
713 97 330
705 174 413
709 158 416
713 97 411
709 112 478
705 174 494
713 97 492
709 158 497
726 136 218
732 131 278
733 130 428
746 32 294
742 158 316
747 55 485
764 58 252
758 127 287
766 143 295
756 136 403
762 131 463
760 122 512
770 129 216
771 148 215
781 142 230
781 96 292
775 135 349
776 32 479
772 158 501
785 81 225
789 165 264
785 50 301
798 55 300
788 66 377
788 132 374
791 142 370
800 129 401
788 127 472
796 143 480
804 172 256
813 114 326
814 66 384
801 148 400
811 142 415
815 81 410
811 96 477
815 50 486
819 165 449
523 109 591
519 171 607
527 94 605
523 155 610
517 114 627
518 135 626
523 109 672
519 171 688
527 94 686
523 155 691
518 143 743
543 146 596
531 178 644
544 107 752
537 138 783
547 127 622
552 155 760
548 161 771
553 147 811
573 123 515
561 52 679
567 170 715
571 154 718
575 93 713
565 113 735
566 134 734
567 170 796
571 154 799
575 93 794
565 113 816
566 134 815
589 132 543
586 155 695
579 177 752
602 63 571
602 129 568
605 139 564
608 55 631
606 178 685
595 126 811
618 132 786
628 63 578
629 47 680
656 144 555
641 36 577
642 52 679
648 108 752
650 62 760
650 128 757
653 138 753
656 54 820
670 45 571
662 125 784
663 144 783
688 39 529
682 108 564
675 139 595
687 178 685
675 110 709
676 62 767
673 138 798
677 77 793
704 113 543
690 156 572
697 33 591
691 148 623
691 140 674
689 35 766
706 170 523
710 154 526
705 134 542
718 177 560
710 108 588
710 154 607
705 134 623
718 177 641
710 108 669
706 170 685
710 154 688
714 93 683
718 44 760
730 145 593
736 38 718
730 107 753
723 138 784
748 51 676
752 113 724
739 147 812
752 113 805
763 127 654
762 93 702
758 154 707
753 134 723
766 177 741
762 93 783
754 170 785
758 154 788
766 177 822
776 131 540
773 154 692
778 145 774
782 126 800
787 108 560
789 62 568
789 128 565
792 138 561
795 54 628
789 123 663
797 139 671
793 177 682
814 110 517
815 62 575
801 125 592
802 144 591
816 77 601
812 92 668
816 46 677
805 132 775
216 177 238
224 77 237
214 144 251
215 125 252
216 145 323
221 123 324
212 138 379
213 177 426
221 77 425
211 144 439
212 125 440
214 132 484
229 138 241
240 147 363
226 138 429
239 126 507
255 168 218
251 54 258
242 126 319
252 168 406
248 54 446
263 161 233
268 78 350
286 123 264
277 127 290
288 92 429
283 123 452
274 127 478
299 51 224
300 46 237
291 92 241
294 139 256
299 51 305
300 46 318
296 51 331
291 139 363
302 177 367
291 139 444
302 177 448
296 51 493
305 177 260
316 126 265
315 154 280
312 154 387
312 154 468
321 114 211
330 158 315
327 174 319
327 123 481
344 135 249
347 117 321
364 112 238
365 142 233
367 144 398
355 132 465
379 66 210
369 132 236
372 66 236
383 45 384
375 109 454
380 129 452
383 63 452
395 148 223
396 129 224
398 136 268
398 35 369
390 63 426
405 81 209
410 142 213
406 97 311
403 33 357
408 178 426
416 78 425
406 145 439
407 126 440
409 133 484
421 139 429
447 169 406
443 55 446
434 127 507
456 123 347
460 145 350
463 79 350
455 162 421
473 112 315
478 124 452
481 50 290
492 158 315
489 174 319
491 52 331
492 47 344
486 140 363
491 52 412
492 47 425
486 140 444
497 178 367
507 155 387
497 178 448
206 35 600
207 62 613
207 34 748
213 145 511
218 123 512
212 161 555
215 34 556
220 32 544
224 138 566
223 144 626
224 125 627
225 177 613
233 77 612
238 138 616
226 132 671
230 123 699
231 38 713
252 147 550
251 126 694
264 168 593
272 161 608
260 54 633
266 107 719
257 143 745
270 128 799
273 122 534
280 78 537
285 161 715
288 34 716
279 35 760
280 62 773
273 62 799
293 32 704
297 138 726
298 177 773
296 144 786
309 46 531
314 177 554
309 46 612
314 177 635
308 51 680
306 77 772
311 138 776
332 130 547
324 154 574
325 147 710
345 36 589
345 36 670
337 168 753
345 161 768
368 123 799
369 40 554
383 133 653
382 128 707
383 141 708
373 92 776
384 161 779
383 141 789
395 145 586
395 34 749
389 107 780
413 124 512
403 124 535
410 80 538
412 157 552
404 109 560
411 46 572
404 140 637
403 110 642
408 130 640
410 110 775
423 163 556
426 36 557
431 34 545
417 37 601
436 179 614
444 79 613
434 146 627
435 127 628
437 134 672
436 147 699
445 143 746
433 131 813
462 128 695
462 155 712
454 107 720
461 44 732
454 138 797
453 108 802
458 128 800
461 62 800
475 170 594
466 131 623
471 56 634
473 161 716
467 35 761
468 62 774
485 138 727
486 177 774
494 77 773
484 144 787
485 125 788
511 94 617
506 125 640
497 129 666
499 138 777
515 97 310
517 174 318
520 158 314
520 109 399
515 121 453
534 135 248
536 138 319
537 117 320
543 130 437
554 112 237
555 142 232
559 132 235
555 142 370
564 106 344
572 154 336
571 43 356
563 107 426
568 127 424
586 129 223
588 136 267
582 112 314
591 31 329
583 160 340
586 33 341
577 34 385
578 61 398
591 107 503
595 81 208
600 142 212
601 158 314
595 137 351
596 176 398
604 76 397
594 143 411
595 124 412
596 144 483
622 58 229
613 130 290
617 138 319
618 117 320
623 146 335
609 137 401
635 167 378
631 53 418
648 131 261
643 160 393
644 176 495
662 96 212
671 50 208
657 127 235
665 143 227
670 55 276
663 112 314
671 91 401
666 122 424
657 126 450
686 158 251
677 97 310
679 174 318
682 158 314
685 176 339
679 50 384
674 138 416
685 176 420
679 50 465
680 45 478
688 169 507
704 114 208
699 126 262
695 153 359
695 153 440
691 153 503
708 97 308
710 174 316
713 158 312
709 120 370
708 165 397
706 132 406
707 145 407
709 120 451
719 38 448
708 165 478
706 132 487
707 145 488
713 111 479
727 135 246
729 138 317
730 117 318
734 114 393
729 126 447
747 112 235
738 97 493
740 174 501
743 158 497
762 66 207
755 66 233
757 135 431
759 138 502
760 117 503
778 148 220
779 129 221
781 136 265
780 149 292
775 112 312
778 111 338
777 112 420
778 142 415
788 81 206
793 142 210
789 97 308
791 174 316
794 158 312
786 159 330
797 165 334
785 48 350
800 38 335
792 66 392
815 58 227
806 130 288
810 138 317
811 117 318
805 36 323
809 142 345
808 148 405
809 129 406
810 149 477
805 112 497
818 81 391
819 97 493
821 174 501
520 129 600
521 142 601
522 162 591
527 108 592
523 117 645
520 129 681
521 142 682
522 162 672
527 108 673
525 168 754
521 54 794
533 35 642
543 123 641
533 161 769
548 111 587
552 94 687
554 171 695
556 123 800
573 135 696
568 128 708
569 141 709
568 128 789
569 141 790
592 108 532
591 178 683
581 34 750
600 156 524
606 63 586
599 63 612
605 38 715
596 110 776
611 162 528
614 35 529
624 178 586
619 109 691
619 131 814
632 78 585
633 94 687
635 171 695
638 155 691
631 143 747
650 127 667
654 135 696
648 155 713
647 44 733
653 35 762
654 62 775
644 128 801
647 62 801
659 55 606
672 178 683
659 161 717
667 32 706
670 144 788
671 125 789
685 128 638
680 77 774
685 138 778
694 124 612
699 147 712
707 128 516
708 141 517
710 116 561
709 161 588
707 128 597
708 141 598
710 116 642
720 34 639
709 161 669
714 107 670
707 128 678
708 141 679
711 168 755
719 161 770
707 54 795
730 122 638
739 93 684
741 170 692
747 92 778
755 128 697
760 134 693
761 113 694
755 128 778
756 141 779
768 34 820
779 107 529
778 177 680
783 110 765
778 122 819
787 155 521
798 161 525
786 44 541
792 35 570
793 62 583
801 34 526
806 32 514
810 138 536
809 144 596
811 145 668
806 108 688
806 131 803
819 77 582
820 93 684
822 170 692
818 143 736
206 177 242
206 62 260
206 92 355
206 138 417
209 138 229
219 144 244
220 125 243
207 110 318
221 139 352
216 144 432
217 125 431
226 54 207
232 128 270
234 108 275
225 177 341
229 123 360
223 48 375
237 80 379
223 54 395
226 138 462
229 62 455
229 128 458
231 108 463
245 131 295
240 64 414
253 35 427
242 131 483
264 132 241
270 51 347
255 127 369
278 30 319
282 62 334
283 46 346
283 114 358
281 31 477
287 126 216
300 177 382
288 145 430
300 177 463
316 134 212
317 113 211
311 154 228
315 170 231
311 108 247
303 177 275
316 134 293
317 113 292
307 93 314
311 154 309
315 170 312
304 93 340
308 154 335
312 170 338
313 134 400
314 113 399
306 107 424
308 154 416
312 170 419
308 108 435
313 106 479
313 134 481
314 113 480
304 93 502
325 159 238
329 165 227
330 38 224
333 111 246
327 42 281
320 132 318
324 52 341
330 117 378
345 48 239
339 178 341
335 140 352
335 148 403
340 162 443
341 35 440
336 156 454
344 108 462
338 39 497
352 127 267
362 38 305
356 45 455
366 114 472
375 32 321
378 169 391
370 144 471
378 83 469
386 81 206
387 66 232
397 47 346
391 51 384
393 162 383
397 78 422
398 178 430
398 63 448
400 148 216
401 129 215
410 142 246
413 66 239
413 132 242
412 163 260
401 139 417
411 145 432
412 126 431
399 111 506
401 65 508
415 112 247
426 135 267
420 178 341
418 55 395
427 118 435
424 63 455
424 129 458
426 109 463
442 126 295
443 38 305
450 128 369
456 60 420
456 133 429
473 165 316
474 111 311
465 52 347
478 47 346
474 96 386
492 158 281
482 132 318
483 145 317
489 71 327
479 127 404
496 174 284
510 132 317
503 155 335
507 171 338
503 109 354
495 178 382
508 135 400
509 114 399
499 94 421
507 171 419
503 109 435
218 92 542
210 161 570
214 77 609
215 177 617
215 62 635
209 122 729
212 78 722
212 144 725
219 32 782
209 122 810
212 78 803
212 144 806
237 177 528
230 122 573
235 54 582
228 144 619
229 125 618
237 132 615
238 138 649
225 147 750
230 161 790
231 34 787
236 80 797
226 155 801
234 107 809
251 34 587
241 62 642
241 128 645
243 108 650
254 131 670
241 138 778
246 44 802
267 127 556
270 122 698
260 152 764
255 64 811
282 51 534
273 132 616
283 161 730
275 35 796
294 76 606
296 126 591
288 40 644
291 92 702
297 129 747
291 138 764
287 77 769
288 177 777
301 144 779
302 125 778
288 62 795
316 93 527
312 177 569
312 177 650
315 156 688
316 93 689
314 123 707
308 54 742
314 62 802
314 128 805
320 154 522
324 170 525
320 108 541
323 133 531
331 53 535
325 121 579
324 170 606
320 154 684
344 48 534
347 75 558
350 80 563
350 146 566
340 127 716
341 156 729
346 42 725
346 132 776
363 141 540
363 149 591
357 34 623
364 157 642
366 40 685
367 179 529
379 140 619
368 163 631
369 36 628
374 117 727
369 126 751
384 46 643
398 145 659
412 53 535
400 78 804
400 144 807
414 155 802
425 93 538
429 94 543
421 37 569
421 163 571
429 140 605
425 79 610
426 179 618
423 106 643
422 100 678
427 112 694
416 140 720
425 74 767
427 149 779
429 138 779
418 161 791
422 107 810
424 100 822
444 141 540
439 146 620
440 127 619
434 44 803
453 123 511
451 37 541
452 125 548
452 96 576
449 140 650
452 64 643
452 130 646
454 110 651
452 108 666
454 162 741
456 168 739
448 143 819
465 133 671
464 125 719
471 161 731
476 177 778
468 146 789
476 62 796
484 134 617
488 38 643
491 64 676
481 124 699
479 92 703
485 129 748
479 138 765
489 144 780
490 125 779
507 128 592
501 132 632
502 123 708
496 54 743
502 31 775
499 138 810
502 62 803
502 128 806
504 108 811
515 159 237
519 165 226
523 111 245
511 145 316
518 128 333
523 146 375
535 48 238
530 74 322
539 137 403
532 106 434
527 55 450
549 147 254
552 38 304
555 120 314
544 43 427
558 142 443
564 39 232
576 81 205
575 115 242
578 114 289
582 165 315
583 111 310
582 117 323
589 91 327
581 160 355
589 137 389
586 176 402
586 61 420
587 109 478
591 129 214
600 142 245
603 132 241
605 112 246
591 132 317
592 145 316
606 53 367
599 143 404
600 124 403
591 160 504
592 106 499
600 127 506
601 140 505
616 135 266
612 122 332
612 61 427
612 127 430
609 137 434
611 98 443
614 107 435
635 136 212
633 38 304
636 120 314
638 126 341
625 60 398
647 77 250
647 154 309
662 149 213
663 165 315
664 111 310
670 104 450
678 97 204
682 112 218
678 97 285
682 158 280
686 174 283
672 132 317
673 145 316
683 176 354
671 144 402
683 176 435
701 36 216
690 37 231
694 62 233
687 138 264
688 117 263
694 30 317
697 112 371
687 92 393
691 153 388
695 169 391
691 107 407
696 133 453
697 112 452
691 153 469
695 169 472
697 143 472
713 38 221
708 159 235
712 165 224
716 111 243
708 136 280
710 42 278
707 37 367
713 86 500
723 142 212
728 48 236
721 126 348
724 82 341
724 148 344
728 160 382
721 126 429
724 148 425
728 123 477
724 82 503
742 147 252
745 38 302
739 34 346
737 151 369
742 165 409
746 111 428
740 42 463
757 39 230
769 81 203
770 66 229
771 156 245
771 114 287
775 165 313
776 111 308
780 172 357
772 147 437
776 107 445
775 38 487
778 120 497
783 148 213
784 129 212
796 66 236
793 142 243
796 132 239
798 112 244
784 132 315
785 145 314
784 117 338
795 165 349
797 88 357
810 113 253
809 135 264
812 55 343
809 133 366
803 34 372
799 81 388
803 142 383
813 148 398
814 129 397
800 66 414
810 87 453
801 114 472
802 119 487
806 111 493
805 165 498
814 132 500
817 35 227
820 58 361
815 145 499
511 147 618
512 125 613
523 120 793
538 79 616
538 145 619
535 123 623
538 54 692
538 79 697
528 127 717
528 110 746
532 162 776
534 132 777
537 56 803
545 33 595
556 162 603
550 107 614
552 156 614
548 91 624
547 129 694
548 142 693
547 57 742
557 126 752
568 66 581
561 145 778
579 75 659
589 35 681
580 43 700
583 122 731
586 78 724
586 144 727
575 118 797
583 122 812
586 78 805
592 117 691
599 147 752
593 32 784
604 161 792
605 34 789
600 155 803
614 178 590
609 50 690
619 162 692
620 108 687
615 138 780
608 107 811
628 129 694
629 142 693
634 143 820
654 82 602
640 63 615
644 72 703
642 168 740
646 59 745
665 127 585
655 87 639
669 123 671
670 35 681
665 92 704
657 161 732
661 77 771
662 62 797
668 91 803
672 133 589
681 61 606
673 117 691
671 129 749
682 54 744
675 144 781
676 125 780
695 127 564
699 146 590
702 72 659
697 89 698
688 123 709
688 62 804
688 128 807
690 108 812
715 140 548
714 127 718
722 122 539
725 78 532
732 32 592
725 144 616
723 140 673
734 128 691
720 132 778
749 162 524
738 147 560
743 161 600
744 34 597
739 155 611
741 38 654
735 141 690
743 126 753
746 132 780
747 145 779
759 44 612
765 108 685
762 156 714
781 168 548
772 50 564
773 59 622
773 143 628
776 34 678
779 116 688
773 78 713
773 144 716
770 122 720
773 78 794
769 133 814
796 161 540
788 35 606
786 147 741
785 81 772
791 161 781
792 34 778
798 167 774
795 107 800
804 92 512
808 42 527
804 138 574
800 77 579
814 144 589
801 62 605
802 110 663
807 107 684
802 138 769
807 44 793
821 54 552
816 141 690
821 143 809
206 132 382
211 125 238
212 144 239
210 177 252
220 34 309
212 108 335
207 145 355
208 125 426
209 144 427
207 177 440
208 138 487
212 32 509
217 34 497
220 161 498
235 62 226
228 62 252
235 44 294
234 155 314
232 62 414
225 62 440
226 35 453
232 44 482
231 155 502
243 108 224
251 143 280
242 107 306
240 177 343
240 108 412
248 143 468
239 107 494
258 134 330
286 110 251
277 38 312
274 154 335
277 170 331
283 110 439
301 34 277
298 34 384
288 122 385
298 34 465
307 107 246
312 161 247
311 116 274
313 141 318
314 128 319
311 128 345
304 107 353
308 116 381
310 141 425
311 128 426
304 107 434
309 161 435
308 116 462
310 141 506
311 128 507
327 93 437
344 165 229
336 82 300
339 148 300
343 126 303
341 128 388
356 58 204
361 133 215
352 172 244
364 151 287
354 178 343
355 162 445
363 169 460
378 142 221
367 55 420
375 148 503
392 129 210
393 148 211
383 81 225
392 142 271
396 36 293
389 139 437
394 78 441
409 66 224
410 39 237
401 38 281
404 165 282
403 126 426
404 145 427
402 178 440
403 139 487
416 48 266
415 159 286
423 111 278
427 63 414
430 129 414
420 63 440
421 36 453
427 45 482
415 162 498
426 156 502
435 178 343
435 109 412
434 139 417
434 108 494
452 114 329
453 135 330
455 132 401
469 155 335
472 171 331
493 35 384
483 123 385
498 82 300
505 142 344
506 129 345
504 162 354
503 117 381
505 142 425
506 129 426
499 108 434
504 162 435
205 154 522
206 138 624
203 177 765
208 170 518
210 93 526
219 145 542
218 132 569
220 125 613
221 144 614
211 77 628
220 138 674
208 46 707
209 51 720
214 139 769
217 92 784
208 46 788
209 51 801
224 108 522
237 62 627
238 35 640
229 34 684
232 161 685
224 32 696
252 177 530
247 128 601
251 138 604
252 108 599
244 44 669
251 107 681
243 155 689
245 161 792
253 168 807
269 113 516
260 143 655
266 126 706
257 54 767
286 154 522
272 131 588
286 38 687
279 138 784
284 77 788
289 170 518
291 93 526
300 122 572
287 123 701
292 145 702
291 132 729
293 125 773
294 144 774
292 177 787
316 107 540
310 34 571
310 34 652
317 62 761
311 35 800
321 161 541
322 141 531
323 128 532
320 116 568
331 156 586
322 141 693
323 128 694
324 138 764
333 143 815
335 156 523
346 48 548
347 53 561
341 179 606
346 48 629
347 53 642
341 179 687
345 131 748
354 110 523
353 30 590
360 125 602
352 141 610
352 141 691
382 179 531
373 122 732
368 110 786
395 56 608
383 163 633
391 170 648
397 51 721
391 177 766
397 51 802
404 128 547
403 149 691
402 139 770
405 92 785
416 156 523
419 172 519
421 95 527
430 147 543
429 134 570
417 140 625
430 179 628
435 110 523
431 127 614
432 146 615
431 140 675
440 36 685
443 163 686
445 54 768
433 161 793
441 168 808
448 64 628
455 46 670
462 109 682
454 157 690
454 126 707
475 123 702
467 138 785
472 77 789
483 133 589
479 132 730
481 125 774
482 144 775
480 177 788
506 112 627
505 62 762
508 128 762
498 62 788
526 82 299
520 122 386
515 91 409
534 165 228
542 172 243
529 148 299
533 126 302
529 126 360
551 133 214
554 151 286
555 53 392
543 160 417
551 167 432
568 142 220
564 125 331
582 129 209
582 142 270
590 144 327
589 131 354
582 76 413
590 176 412
600 39 236
606 48 265
594 165 281
591 124 398
592 143 399
591 137 459
600 33 469
603 160 470
613 111 277
614 126 302
618 127 386
608 61 412
609 34 425
615 43 454
614 154 474
623 107 384
648 42 283
657 114 222
657 37 472
678 111 217
683 165 218
685 132 209
672 38 248
682 120 245
684 145 289
685 132 290
671 121 357
681 33 356
681 33 437
699 96 218
688 82 299
691 115 353
693 140 397
687 106 406
692 160 407
691 115 434
693 140 478
694 127 479
697 77 488
705 158 364
705 158 445
727 165 226
719 82 297
722 148 297
720 50 326
721 55 339
727 32 368
734 127 380
720 50 407
729 96 403
721 55 420
726 143 469
721 55 501
735 172 241
747 151 284
743 131 354
749 82 482
761 142 218
766 81 222
757 165 411
765 172 426
752 148 482
756 126 485
775 129 207
776 148 208
775 142 268
779 36 290
778 130 325
769 58 386
777 151 469
792 66 221
793 39 234
784 38 278
787 165 279
798 159 283
791 142 403
796 81 407
799 48 263
800 82 297
803 148 297
807 126 300
799 127 320
803 136 348
805 129 392
806 148 393
805 142 453
809 36 475
800 123 511
805 145 512
815 147 249
822 66 406
817 165 464
511 124 573
519 155 639
512 138 765
513 108 760
521 143 816
529 178 578
540 140 582
534 47 601
535 52 614
529 178 659
540 140 663
534 47 682
535 52 695
533 131 749
548 124 574
543 93 597
556 110 787
563 79 676
561 122 733
567 154 747
583 55 580
577 177 767
582 46 790
592 127 519
596 123 763
591 92 786
618 146 515
619 161 794
636 63 600
637 36 613
628 35 657
631 54 769
627 168 809
643 63 574
646 129 574
651 109 572
650 139 577
643 45 642
644 79 676
651 123 679
659 144 628
661 123 703
666 145 704
665 132 731
668 144 776
658 77 790
671 132 561
685 39 660
684 62 789
685 35 802
699 123 545
694 111 599
691 62 763
706 154 555
716 177 575
706 154 636
716 177 656
707 143 817
721 46 517
722 51 530
727 139 660
722 51 692
719 131 750
744 127 545
747 122 734
742 110 788
758 161 602
766 168 617
753 144 673
757 122 676
754 154 736
764 177 756
754 154 817
779 126 516
769 46 698
770 51 711
775 139 760
769 46 779
778 92 775
792 127 726
783 123 752
804 132 539
810 32 666
806 161 783
814 168 798
815 34 654
