205 68 424
205 104 457
208 68 236
209 113 225
208 104 269
218 81 275
215 81 463
237 45 270
227 85 279
231 156 276
230 96 398
224 90 412
234 45 458
224 85 467
228 156 464
238 141 254
245 178 248
243 147 308
250 58 314
245 150 347
242 178 436
240 147 496
247 58 502
269 66 209
255 75 284
263 115 284
263 177 291
257 82 309
258 30 323
266 66 397
260 177 479
254 82 497
255 30 511
281 51 202
274 120 208
283 90 232
284 76 272
285 120 355
278 65 370
271 120 396
278 51 390
280 90 420
281 76 460
310 52 235
311 97 224
310 52 316
311 97 305
307 52 342
308 97 412
308 97 493
329 78 206
349 138 233
345 60 392
340 75 422
345 81 500
353 132 392
353 162 399
370 54 283
375 108 282
377 168 377
381 51 499
389 72 208
389 108 241
382 85 256
396 39 380
393 82 472
399 85 247
408 89 251
412 160 248
401 114 413
400 69 424
410 82 463
419 145 226
418 49 242
424 151 280
425 97 398
419 91 412
429 46 458
423 157 464
438 127 302
439 34 295
437 116 332
443 145 345
430 142 442
437 179 436
435 148 496
442 59 502
455 116 472
455 178 479
449 83 497
450 31 511
465 78 306
473 66 370
466 121 396
473 52 390
490 78 298
491 56 288
480 121 355
502 53 342
503 98 412
502 53 423
213 38 567
218 113 600
217 68 611
217 104 644
210 81 659
210 35 679
218 125 709
207 101 734
211 140 731
207 101 815
211 140 812
236 90 599
227 81 650
236 85 654
235 59 739
230 74 769
242 96 585
247 141 629
240 156 651
246 45 645
252 147 683
243 131 739
243 161 746
254 178 623
264 75 659
266 82 684
259 58 689
267 30 698
264 92 727
267 167 724
272 42 546
278 66 584
283 120 583
272 177 666
283 81 819
297 120 542
290 65 557
290 51 577
286 38 727
290 68 771
300 81 810
315 96 745
309 90 759
309 85 814
313 156 811
327 178 783
320 141 789
319 45 805
336 67 571
345 103 575
349 142 572
336 67 652
345 42 706
337 75 819
345 115 819
356 127 550
361 133 604
363 65 717
351 66 744
356 120 743
363 51 737
365 90 767
373 61 580
381 163 587
375 100 605
368 76 610
370 120 702
373 82 688
366 76 807
387 152 535
388 136 637
386 65 731
386 65 812
395 101 816
409 52 687
406 125 710
399 140 813
424 40 568
429 115 601
428 106 645
421 83 660
414 106 686
423 59 740
418 74 770
438 83 651
438 134 797
453 98 586
447 92 600
458 143 630
447 87 655
452 92 728
455 167 725
465 180 624
463 149 684
477 84 685
470 60 690
474 38 728
471 81 820
489 68 585
483 117 660
483 179 667
479 113 761
478 68 772
478 104 805
494 122 584
501 53 578
503 92 608
503 96 746
508 141 790
501 156 812
507 45 806
524 84 283
518 78 297
516 124 334
521 130 388
539 138 232
533 58 364
541 130 364
541 160 371
528 73 394
535 97 389
548 133 421
572 85 255
560 54 282
565 108 281
572 39 275
565 166 349
569 49 471
579 72 207
579 108 240
574 78 305
584 37 352
589 112 385
588 103 429
581 80 444
574 103 470
583 73 494
598 89 250
602 160 247
609 145 225
608 49 241
614 151 279
621 62 285
613 95 370
607 89 384
618 140 414
617 44 430
607 84 439
611 155 436
626 79 255
634 119 255
634 181 262
628 86 280
629 34 294
625 177 408
623 146 468
630 57 474
643 41 331
643 176 451
654 94 203
655 78 305
661 64 342
661 50 362
663 89 392
664 75 432
681 56 206
682 101 276
680 78 297
690 51 395
691 96 384
690 51 476
712 78 203
717 84 281
711 78 295
710 69 349
710 69 430
732 138 230
730 129 328
723 144 350
729 33 344
719 105 353
723 144 431
719 105 434
747 63 358
735 135 382
749 102 383
747 84 466
741 78 480
765 85 253
753 54 280
758 108 279
765 39 273
755 165 365
762 138 415
772 72 205
772 108 238
767 78 303
776 96 346
779 171 343
782 85 244
791 89 248
795 160 245
792 78 295
795 85 438
783 54 465
788 108 464
802 145 223
801 49 239
807 151 277
798 42 346
803 117 379
802 72 390
802 108 423
812 85 429
819 79 253
814 62 283
821 94 378
821 89 433
524 66 624
515 178 784
525 75 820
537 141 625
533 42 707
539 66 745
533 115 820
549 132 576
556 75 582
555 75 674
551 65 718
544 120 744
551 51 738
553 90 768
554 76 808
569 132 552
569 162 559
558 120 703
572 65 732
585 140 733
581 101 736
581 101 817
590 93 540
593 168 537
597 51 659
592 125 711
597 131 765
604 74 771
612 39 540
617 114 573
616 69 584
611 75 682
609 59 741
617 161 748
611 98 766
635 91 572
624 134 798
653 179 596
645 46 618
651 148 656
641 167 726
663 76 632
658 59 662
665 83 657
666 31 671
664 68 773
664 104 806
657 81 821
671 43 519
682 121 556
671 116 632
671 178 639
683 90 761
674 81 812
683 85 816
696 121 515
692 77 620
692 75 682
689 96 747
694 141 791
687 156 813
693 45 807
711 65 540
711 65 621
724 140 622
720 101 625
725 66 746
719 115 821
748 59 549
743 74 579
742 74 671
737 65 719
744 120 704
737 51 739
739 90 769
740 76 809
756 131 549
756 161 556
750 98 574
763 134 606
759 65 721
777 92 537
780 167 534
779 125 700
768 101 725
772 140 722
768 101 806
796 81 629
789 104 655
796 35 649
784 131 754
791 74 760
799 38 537
804 113 570
803 68 581
803 104 614
813 81 620
804 131 730
804 161 737
204 68 250
216 178 213
213 178 401
219 141 408
238 45 221
237 104 250
237 76 362
234 104 438
226 134 478
243 81 240
244 156 227
247 85 231
241 156 415
240 81 428
244 85 419
249 81 445
270 97 335
256 177 383
269 35 445
282 58 208
276 147 215
272 35 257
278 104 264
279 50 269
280 80 305
281 52 336
273 147 403
275 104 452
276 50 457
277 80 493
294 74 230
291 74 337
288 30 388
299 74 443
323 129 294
334 126 510
341 42 226
338 171 245
341 96 248
348 105 305
344 69 314
349 168 461
360 165 269
353 63 277
362 52 365
352 39 442
352 93 464
364 60 493
364 132 485
374 117 221
378 102 275
371 162 485
385 72 222
391 110 292
395 53 336
384 91 419
396 69 438
389 99 491
388 132 505
394 75 498
410 138 262
408 179 401
424 85 212
429 112 295
430 46 409
421 135 478
444 116 383
444 76 391
436 157 415
451 178 383
475 78 283
476 53 336
469 83 389
474 59 396
468 148 403
464 36 445
470 105 452
471 51 457
486 75 337
494 75 362
483 31 388
494 75 443
206 98 678
205 131 692
212 52 523
209 90 550
213 68 625
211 74 685
217 120 705
221 42 730
209 150 745
225 178 588
231 141 595
238 134 665
232 65 712
239 167 808
249 76 549
247 45 596
253 156 602
252 51 712
242 38 789
242 92 811
268 177 570
261 75 578
256 85 606
261 81 632
258 120 719
259 66 724
260 96 760
282 97 522
286 82 576
281 35 632
274 90 766
275 113 784
286 68 785
300 30 575
291 58 583
303 74 605
288 50 644
303 74 686
311 74 549
304 141 755
319 104 785
331 99 523
322 76 709
334 115 730
334 75 738
320 45 756
326 156 762
325 81 775
342 54 524
347 152 586
341 177 730
355 122 546
359 44 571
359 82 736
358 147 750
364 58 743
354 35 792
360 104 799
361 50 804
370 67 553
380 40 630
377 169 649
373 30 735
390 53 553
396 122 560
397 68 565
398 98 601
392 61 681
412 99 523
412 92 607
413 115 625
405 120 706
420 92 551
417 100 679
422 76 686
416 133 693
420 65 713
427 167 809
430 92 812
436 180 589
446 120 720
447 66 725
463 83 616
457 106 626
449 136 666
463 113 785
479 179 571
472 77 579
464 158 603
467 87 607
472 83 633
474 68 786
492 37 633
492 141 756
497 84 577
511 32 576
496 149 591
502 60 584
498 106 640
499 52 645
500 82 681
510 76 710
508 45 757
507 104 786
515 119 330
531 42 225
528 171 244
531 96 247
543 135 268
543 63 276
529 33 294
535 144 300
538 105 304
534 69 313
530 64 337
537 166 433
540 91 436
550 165 268
550 50 337
556 119 344
557 65 349
558 95 385
552 130 457
559 160 457
564 117 220
567 135 288
568 102 274
573 78 281
572 89 391
573 112 409
580 89 335
577 97 463
576 130 477
582 73 470
600 138 261
596 177 373
602 140 380
608 108 221
614 85 211
623 85 228
616 144 300
615 69 313
618 44 381
617 103 410
632 74 363
632 114 355
639 176 355
624 155 387
627 84 391
643 39 228
652 34 417
665 78 282
657 81 361
662 57 368
656 146 375
673 78 226
682 73 334
674 73 390
706 129 291
724 42 223
721 171 242
724 96 245
722 33 292
728 144 298
731 105 302
727 69 311
721 154 364
721 154 445
736 135 266
736 63 274
744 69 331
751 171 427
736 129 476
757 117 218
761 102 272
760 135 286
766 78 279
764 55 331
754 96 430
757 69 496
758 144 483
761 105 487
768 72 219
770 124 338
771 70 343
772 100 379
793 138 259
794 94 329
786 94 385
787 117 403
798 72 404
791 102 457
796 78 464
790 135 471
807 85 209
801 108 219
809 144 298
812 105 302
808 69 311
816 85 226
816 145 374
522 115 731
522 75 739
514 156 763
517 85 767
513 81 776
522 81 793
535 151 639
542 35 793
550 126 670
547 82 737
546 147 751
552 58 744
548 104 800
549 50 805
566 30 671
575 102 681
571 66 690
578 52 525
584 121 532
585 67 537
586 97 573
580 60 653
591 120 707
583 150 747
595 42 732
610 75 658
613 167 810
616 92 813
626 51 714
633 66 726
634 96 762
646 46 569
652 157 575
651 82 588
655 86 579
652 66 690
648 90 768
649 113 786
660 82 605
656 90 712
660 68 787
684 148 563
680 36 605
686 105 612
687 51 617
672 178 750
678 141 757
690 59 556
699 31 548
688 81 653
696 76 711
694 45 758
699 81 777
715 177 732
708 75 740
708 81 794
730 120 515
734 42 540
722 150 555
722 150 636
732 147 752
733 82 738
728 35 794
734 104 801
735 50 806
745 65 522
747 30 737
738 58 745
765 51 522
755 38 599
752 167 618
767 59 650
767 131 642
759 140 674
762 101 678
771 120 529
772 66 534
773 96 570
774 161 642
770 150 736
770 150 817
795 90 520
799 68 595
792 98 648
791 131 662
811 178 558
803 38 780
803 92 802
819 120 710
820 66 715
821 96 751
208 81 215
205 81 403
218 104 221
218 68 254
217 113 265
222 38 298
220 74 344
222 35 374
222 81 394
215 68 442
214 113 453
219 38 486
241 167 301
234 50 367
229 104 368
238 167 489
241 92 486
244 92 298
255 134 417
265 131 286
265 161 279
273 59 286
270 80 366
262 131 474
262 161 467
285 131 262
276 74 352
275 74 444
282 131 450
287 125 504
297 140 213
301 101 210
297 140 294
301 101 291
290 125 316
294 140 401
298 101 479
294 140 482
310 65 214
307 65 483
324 94 230
333 124 254
326 55 260
334 75 344
334 77 406
335 91 446
337 52 476
330 121 511
337 66 496
344 121 470
369 145 208
355 134 304
354 112 320
365 125 351
360 31 355
368 59 364
355 116 394
355 178 387
363 76 394
355 43 507
380 94 238
374 100 252
373 179 430
380 142 424
385 97 468
398 117 237
399 72 226
391 86 399
387 157 402
400 82 403
391 91 454
403 42 270
417 36 374
417 82 394
410 105 409
410 69 442
409 114 453
422 171 273
429 51 367
424 105 368
433 168 489
465 81 366
450 135 417
463 99 449
457 162 467
478 144 266
471 129 288
471 75 352
470 75 444
477 132 450
482 105 263
491 69 267
493 102 398
207 74 539
204 156 589
208 85 586
208 90 641
217 81 590
224 76 753
225 90 793
232 74 531
234 35 561
234 81 581
227 104 596
227 68 629
226 113 640
231 38 673
227 51 823
234 120 817
246 50 554
250 167 676
253 92 673
250 30 702
251 82 716
245 177 734
253 75 741
267 134 604
258 58 711
263 178 777
270 141 771
288 74 539
282 80 553
274 161 654
282 59 661
277 156 749
281 85 746
275 96 815
281 90 801
299 125 691
290 81 750
300 68 789
306 140 588
310 101 585
319 65 589
319 65 670
314 104 715
319 50 714
307 35 721
307 81 741
336 54 550
335 99 561
336 54 631
353 98 796
347 161 814
362 76 532
362 78 594
365 53 664
365 67 684
358 122 699
355 80 713
367 131 797
355 59 821
383 179 575
383 117 582
372 122 658
377 68 657
383 44 695
385 97 721
385 97 802
388 32 543
396 60 552
391 77 582
401 180 618
386 52 710
403 149 558
415 158 590
409 47 596
408 143 612
413 98 656
413 90 794
418 76 540
419 87 587
428 83 591
419 92 642
433 177 735
422 120 818
427 66 817
443 76 532
445 37 562
445 83 582
438 106 597
438 70 630
437 115 641
442 40 674
439 82 717
441 75 742
452 106 556
461 169 677
464 94 674
453 147 718
465 156 750
459 45 756
451 178 778
458 141 772
463 96 816
478 136 605
491 100 637
485 163 655
485 133 662
495 81 742
488 104 757
488 68 790
487 113 801
498 76 632
505 133 638
510 127 692
514 94 229
523 124 253
528 70 252
516 69 279
522 75 378
523 89 418
525 50 448
534 46 290
543 176 359
532 119 442
537 65 441
559 145 207
549 154 302
549 81 341
551 74 366
561 177 402
570 94 237
564 100 251
563 146 342
569 44 380
575 155 374
573 95 440
588 117 236
579 84 371
588 80 375
579 89 426
605 34 346
605 80 366
598 103 381
598 67 414
597 112 425
602 37 458
612 171 272
621 166 461
624 91 458
636 165 250
636 135 257
630 154 302
649 78 227
656 135 233
644 63 257
645 160 439
668 144 265
672 105 262
661 129 287
658 73 416
665 130 422
681 69 266
677 139 373
677 139 454
681 100 451
702 124 292
690 64 374
690 64 455
707 94 227
716 124 251
721 70 250
709 55 257
709 69 277
710 56 328
709 101 339
710 56 409
710 56 490
709 101 501
736 80 372
737 94 412
732 124 477
752 145 205
742 154 300
746 124 436
751 70 435
739 69 462
763 94 235
757 100 249
763 86 335
757 181 353
765 79 360
782 72 223
781 117 234
770 62 330
777 151 336
782 145 390
772 154 485
786 42 267
793 89 365
789 160 368
793 94 420
787 100 434
805 171 270
808 96 267
802 85 369
812 108 375
812 72 408
811 117 419
816 42 452
819 39 340
819 85 360
524 53 603
523 98 614
524 53 684
523 98 695
528 134 765
543 80 714
541 98 797
535 161 815
535 131 822
551 91 606
553 52 636
546 121 671
553 66 656
548 74 792
555 131 798
577 83 529
571 116 554
571 178 547
571 43 667
571 97 722
572 52 792
571 97 803
584 59 524
591 148 530
579 76 554
586 151 679
603 157 562
598 76 755
599 90 795
608 120 819
625 82 718
619 177 736
613 66 818
626 105 569
630 39 646
632 58 713
639 147 719
627 75 743
637 178 779
649 168 649
651 156 751
655 85 748
645 45 757
644 141 773
666 135 577
673 132 634
673 162 627
664 81 752
673 113 802
686 75 604
679 99 609
681 60 634
688 104 717
681 81 743
674 68 791
693 132 610
711 52 519
711 52 681
710 97 692
721 161 816
737 76 563
729 80 715
727 98 798
729 59 823
738 90 603
752 66 626
740 65 653
758 115 551
758 177 544
766 75 551
758 42 664
759 52 700
758 97 711
759 52 781
758 97 792
771 58 521
778 147 527
784 45 565
776 178 587
783 141 581
773 150 676
785 76 744
790 156 559
794 85 556
788 96 625
786 90 784
788 51 814
800 66 807
803 81 560
813 104 566
813 68 599
812 113 610
817 38 643
811 30 693
812 82 707
806 115 732
806 177 725
814 75 732
820 35 531
820 81 551
819 58 702
204 141 270
207 178 465
222 68 240
210 178 277
219 68 428
223 90 503
233 113 241
234 90 259
226 90 315
227 131 361
230 113 429
231 90 447
249 66 301
250 120 306
244 161 381
251 59 373
251 131 381
245 96 453
246 66 489
247 120 494
253 51 501
266 92 214
269 167 217
266 38 236
256 51 313
256 101 345
260 65 336
263 92 402
263 38 424
287 42 295
276 65 313
281 125 356
284 42 483
299 150 280
291 120 320
296 150 387
296 150 468
288 120 508
335 39 205
331 151 247
325 62 254
330 86 261
323 56 314
327 31 478
348 181 267
338 81 373
339 51 409
336 59 470
341 83 477
342 148 463
355 85 205
360 89 231
355 119 267
366 76 475
359 178 483
370 108 212
369 49 241
374 157 451
378 77 504
385 145 242
403 72 212
414 117 213
404 56 314
415 101 315
408 118 377
414 69 428
402 179 465
430 70 273
431 124 278
423 98 338
421 99 375
423 139 377
425 114 429
418 91 503
439 162 381
446 60 373
446 132 381
441 67 489
442 121 494
454 141 349
455 66 336
461 168 405
458 39 424
448 52 501
472 124 292
476 126 356
485 56 314
491 151 387
496 101 315
206 134 575
206 74 770
213 141 645
219 178 652
214 74 714
214 74 795
233 74 555
238 98 562
231 68 615
228 80 720
229 50 756
236 35 768
232 147 810
226 58 817
243 90 634
256 161 568
263 59 560
263 131 568
257 96 640
258 66 676
259 120 681
265 51 688
256 81 768
271 104 775
261 85 794
265 81 785
264 156 798
270 45 804
275 92 589
278 167 592
275 38 611
285 65 688
279 134 735
293 125 543
296 42 670
300 120 695
306 74 715
312 131 708
311 98 722
304 68 775
315 113 776
316 90 794
329 161 728
344 76 611
344 76 692
336 59 720
336 131 728
348 92 749
351 167 752
348 38 771
352 76 555
367 52 597
355 32 666
364 60 658
366 125 703
368 106 602
374 37 609
370 149 651
398 103 533
399 87 635
394 77 663
387 179 671
394 117 671
394 74 771
402 67 524
409 106 616
403 83 626
402 158 639
406 78 692
402 74 715
402 74 796
414 58 818
430 180 653
420 147 811
444 76 556
442 70 616
446 92 691
450 133 549
449 100 563
454 92 635
459 104 776
449 85 795
452 156 799
458 45 805
474 133 569
468 98 641
469 68 677
470 122 682
476 53 689
467 134 736
474 141 806
486 94 590
486 40 612
494 74 716
492 68 776
480 178 813
507 44 671
496 67 689
511 122 696
500 131 709
503 113 777
504 90 795
521 151 246
520 86 260
513 56 313
524 101 314
526 79 345
524 57 442
538 181 266
528 103 386
530 146 435
529 81 449
554 85 221
553 160 234
559 49 240
545 79 258
545 119 266
554 80 393
559 84 419
547 176 455
554 114 455
560 108 211
575 145 241
563 80 410
569 103 400
562 155 423
568 44 429
566 75 476
577 133 360
584 140 430
590 177 437
593 72 211
604 117 212
605 94 230
594 56 313
602 67 400
603 51 502
619 100 236
620 70 272
621 124 277
610 130 333
613 112 401
