203 125 246
204 144 245
200 128 331
200 125 434
201 144 433
217 62 229
217 177 247
218 77 255
214 138 260
208 129 277
214 92 322
208 107 338
214 62 417
214 177 435
215 77 443
211 138 448
219 161 482
211 92 510
230 35 228
237 168 286
222 161 294
227 35 416
234 168 474
245 143 206
242 143 394
259 44 222
256 44 410
268 107 403
261 138 434
271 107 215
279 155 223
274 34 237
275 161 234
276 155 411
271 34 425
272 161 422
283 32 430
277 147 462
293 78 221
296 122 214
286 32 242
290 78 409
290 144 406
290 78 490
290 144 487
293 122 483
317 130 245
318 50 303
331 55 302
324 146 435
328 127 461
340 136 220
346 131 280
360 32 296
356 158 318
350 117 334
353 35 344
354 123 354
357 128 496
378 58 254
372 127 289
380 143 297
381 109 402
384 129 218
385 148 217
395 142 232
394 142 332
395 129 331
383 63 410
383 129 407
395 126 434
389 55 470
383 124 505
399 81 227
403 165 266
404 162 333
403 108 338
409 178 435
410 78 443
400 130 465
406 93 510
418 172 258
429 169 474
414 162 482
445 142 218
437 158 318
431 117 334
437 144 394
461 143 297
451 45 410
456 139 434
467 36 214
474 148 271
477 126 267
475 142 332
476 129 331
469 39 368
463 108 403
471 156 411
466 35 425
467 162 422
480 50 303
493 55 302
485 79 328
485 145 406
488 123 402
502 127 223
503 149 218
507 130 244
508 50 302
200 123 692
202 177 749
211 141 519
212 128 518
220 107 525
221 161 520
212 125 621
213 144 620
217 129 652
206 54 657
214 145 782
218 126 808
225 110 546
226 62 604
226 177 622
223 138 635
227 77 630
231 161 669
251 34 531
239 35 603
246 168 661
244 122 701
241 132 783
268 44 597
280 107 590
273 138 621
283 34 612
273 62 757
285 125 781
279 54 817
286 38 555
295 32 617
298 110 706
299 62 764
286 144 780
299 177 782
296 138 795
300 77 790
305 122 589
302 144 593
305 122 670
302 78 677
302 144 674
312 35 763
332 156 556
326 115 573
328 172 634
326 115 654
327 136 653
327 143 741
341 143 520
342 130 519
336 95 551
340 179 590
340 179 671
341 44 757
346 138 781
350 109 526
352 147 623
356 128 649
359 38 715
353 107 750
361 155 758
357 161 769
362 147 809
378 118 522
381 36 532
379 134 624
378 170 713
376 113 733
377 134 732
368 32 777
378 170 794
376 113 814
377 134 813
382 154 716
386 93 711
390 177 750
382 108 778
382 154 797
386 93 792
409 110 590
411 130 595
411 125 693
402 145 783
406 126 809
422 143 520
423 130 519
414 140 591
423 127 622
424 146 621
429 132 784
431 109 526
432 163 521
436 112 547
437 64 605
437 179 623
434 140 636
438 79 631
442 163 670
432 122 702
450 37 604
457 170 662
448 131 730
459 108 750
461 62 758
461 128 755
465 145 582
464 138 751
473 125 782
474 144 781
467 54 818
479 46 598
484 140 622
487 62 765
487 177 783
484 138 796
488 77 791
499 157 599
494 36 613
495 163 610
506 34 618
500 149 650
500 35 764
521 55 301
511 122 412
512 144 407
516 125 433
530 136 219
536 131 279
539 131 408
546 158 317
568 58 253
562 127 288
570 143 296
558 130 354
569 107 374
571 61 382
571 122 477
574 129 217
589 81 226
585 96 293
577 53 442
579 138 485
597 61 389
597 176 407
602 160 454
594 91 482
598 45 491
608 172 257
610 34 388
617 167 446
611 50 490
635 142 217
627 158 317
625 142 366
636 153 506
645 38 208
651 151 245
651 143 296
639 43 382
651 106 375
644 137 406
657 36 213
664 148 270
667 126 266
664 82 273
657 37 340
659 154 383
654 33 397
655 160 394
666 31 402
660 138 485
683 55 301
673 77 381
673 143 378
676 121 374
673 77 462
673 143 459
676 121 455
679 45 491
695 127 221
700 130 242
701 50 300
700 117 351
701 138 350
701 138 431
700 117 432
692 50 490
702 174 331
706 158 334
702 174 412
706 158 415
706 112 477
702 174 493
710 97 491
706 158 496
723 136 217
729 131 277
726 149 401
730 130 427
743 32 293
739 158 315
761 58 251
755 127 286
763 143 294
753 136 402
759 131 462
757 122 511
767 129 215
772 135 348
773 32 478
769 158 500
782 81 224
786 165 263
782 50 300
795 55 299
785 66 376
785 132 373
788 142 369
797 129 400
791 58 436
785 127 471
793 143 479
801 172 255
810 114 325
811 66 383
798 148 399
808 142 414
812 81 409
808 96 476
812 50 485
816 165 448
520 109 590
516 171 606
524 94 604
514 114 626
515 135 625
516 171 687
540 146 595
528 178 643
534 138 782
544 127 621
545 47 679
549 155 759
545 161 770
550 147 810
570 123 514
567 133 596
573 128 656
558 52 678
564 170 714
568 154 717
572 93 712
562 113 734
563 134 733
564 170 795
568 154 798
572 93 793
562 113 815
563 134 814
586 132 542
583 155 694
576 177 751
599 63 570
599 129 567
602 139 563
603 178 684
592 126 810
615 132 785
624 111 519
625 63 577
625 178 595
630 162 642
622 93 670
626 47 679
634 131 731
653 144 554
638 36 576
639 52 678
645 108 751
647 62 759
650 138 752
653 54 819
667 45 570
659 125 783
660 144 782
685 39 528
679 108 563
672 139 594
684 178 684
672 110 708
670 138 797
674 77 792
701 113 542
687 156 571
694 33 590
701 113 623
688 140 673
701 143 743
686 35 765
703 170 522
707 154 525
702 134 541
715 177 559
707 108 587
707 154 606
702 134 622
715 177 640
707 108 668
703 170 684
707 154 687
711 93 682
715 44 759
727 145 592
732 46 676
733 38 717
727 107 752
745 51 675
749 113 723
736 147 811
749 113 804
754 132 593
755 154 706
750 134 722
763 177 740
759 93 782
751 170 784
755 154 787
750 134 803
763 177 821
773 131 539
779 126 799
784 108 559
786 62 567
792 54 627
811 110 516
812 62 574
798 125 591
799 144 590
813 77 600
813 46 676
802 132 774
215 177 241
223 77 240
213 144 254
214 125 255
216 132 299
215 145 326
220 123 327
211 138 382
212 177 429
220 77 428
210 144 442
211 125 443
213 132 487
228 138 244
239 147 366
225 138 432
254 168 221
250 54 261
241 126 322
251 168 409
262 161 236
260 122 350
264 144 353
280 111 330
287 92 432
282 123 455
273 127 481
290 92 244
298 51 308
299 46 321
295 51 334
290 139 366
301 177 370
295 51 415
296 46 428
290 139 447
301 177 451
295 51 496
296 46 509
304 177 263
311 154 390
311 154 471
320 114 214
326 174 322
326 123 484
343 135 252
346 117 324
363 112 241
364 142 236
366 144 401
354 132 468
378 66 213
368 132 239
371 66 239
374 123 350
378 145 353
381 79 353
383 156 367
382 45 387
374 109 457
379 129 455
382 63 455
394 148 226
395 129 227
397 136 271
396 149 298
391 112 318
394 162 371
397 35 372
389 63 429
404 81 212
409 142 216
410 158 318
407 174 322
402 33 360
407 178 429
405 145 442
406 126 443
408 133 487
431 58 233
422 130 294
426 138 323
427 117 324
420 139 432
443 165 208
434 148 366
446 169 409
442 55 449
433 127 510
457 131 265
455 123 350
459 145 353
462 79 353
454 162 424
471 96 216
466 127 239
473 32 251
472 112 318
477 124 455
495 158 255
480 50 293
491 158 318
488 174 322
491 47 347
485 140 366
490 52 415
491 47 428
510 114 213
505 126 267
496 178 370
506 155 390
496 178 451
205 35 603
206 62 616
206 34 751
217 123 515
211 161 558
214 34 559
219 32 547
223 138 569
222 144 629
223 125 630
221 110 777
224 177 616
232 77 615
237 138 619
225 132 674
229 123 702
230 38 716
250 126 697
263 168 596
271 161 611
259 54 636
269 128 802
272 122 537
276 144 540
279 78 540
287 34 719
278 35 763
279 62 776
272 62 802
302 139 634
294 123 642
292 32 707
297 177 776
295 144 789
307 51 521
308 46 534
313 177 557
307 51 602
308 46 615
313 177 638
305 77 775
331 130 550
333 163 622
331 130 631
332 143 632
323 154 658
334 118 676
324 147 713
344 36 592
344 36 673
336 168 756
344 161 771
354 124 672
367 123 802
368 40 557
382 133 656
381 128 710
382 141 711
372 92 779
383 161 782
382 141 792
394 145 589
394 34 752
384 116 755
388 107 783
409 80 541
411 157 555
410 46 575
403 140 640
402 110 645
407 130 643
410 64 643
409 110 778
422 163 559
425 36 560
430 34 548
416 37 604
435 179 617
443 79 616
433 146 630
434 127 631
436 134 675
435 147 702
444 143 749
432 131 816
461 128 698
461 155 715
453 107 723
460 44 735
453 138 800
452 108 805
457 128 803
460 62 803
474 170 597
465 131 626
470 56 637
472 161 719
466 35 764
467 62 777
485 177 777
493 77 776
483 144 790
484 125 791
510 94 620
505 125 643
496 129 669
498 138 780
516 174 321
519 158 317
519 109 402
514 121 456
533 135 251
542 130 440
553 112 240
554 142 235
558 132 238
554 142 373
561 66 238
563 106 347
571 154 339
570 43 359
562 107 429
563 137 424
567 127 427
585 129 226
586 149 297
581 112 317
590 31 332
582 160 343
585 33 344
576 34 388
577 61 401
590 107 506
594 81 211
599 142 215
595 97 313
597 174 321
600 158 317
594 137 354
595 176 401
603 76 400
604 92 502
621 58 232
617 117 323
622 146 338
621 125 482
634 167 381
630 53 421
625 133 511
626 112 512
642 160 396
670 50 211
656 127 238
664 143 230
669 55 279
662 112 317
670 91 404
656 126 453
676 97 313
678 174 321
681 158 317
673 138 338
684 176 342
678 50 387
673 138 419
684 176 423
678 50 468
679 45 481
685 92 502
687 169 510
703 114 211
698 126 265
694 153 362
694 153 443
690 153 506
709 174 319
712 158 315
705 132 328
706 145 329
708 120 373
707 165 400
705 132 409
706 145 410
708 120 454
718 38 451
707 165 481
705 132 490
706 145 491
712 111 482
726 135 249
728 138 320
729 117 321
728 126 450
746 112 238
737 97 496
739 174 504
742 158 500
761 66 210
754 66 236
756 135 434
778 129 224
780 136 268
779 149 295
777 111 341
776 112 423
777 142 418
787 81 209
792 142 213
788 97 311
790 174 319
793 158 315
785 159 333
796 165 337
784 48 353
799 38 338
790 39 382
791 66 395
784 66 421
814 58 230
805 130 291
809 138 320
810 117 321
804 36 326
808 142 348
807 148 408
808 129 409
810 136 453
809 149 480
804 112 500
817 81 394
818 97 496
820 174 504
519 129 603
520 142 604
521 162 594
526 108 595
522 117 648
521 162 675
524 168 757
520 54 797
532 35 645
542 123 644
532 161 772
547 111 590
553 171 698
555 123 803
570 132 628
572 135 699
567 128 711
568 141 712
560 92 780
569 161 783
568 141 793
591 108 535
590 109 617
590 178 686
580 34 753
605 63 589
598 63 615
604 38 718
595 110 779
610 162 531
613 35 532
622 139 542
623 178 589
623 146 674
618 109 694
618 131 817
631 78 588
624 133 647
632 94 690
634 171 698
637 155 694
639 107 724
630 143 750
650 148 526
653 135 699
647 155 716
646 44 736
652 35 765
653 62 778
643 128 804
646 62 804
658 55 609
671 178 686
658 161 720
666 32 709
669 144 791
670 125 792
684 128 641
679 77 777
684 138 781
693 124 615
698 147 715
706 128 519
709 116 564
708 161 591
706 128 600
707 141 601
709 116 645
719 34 642
708 161 672
713 107 673
706 128 681
707 141 682
710 168 758
718 161 773
706 54 798
734 110 587
746 92 781
741 123 804
767 34 823
782 110 768
777 122 822
786 155 524
797 161 528
785 44 544
791 35 573
792 62 586
785 62 612
800 34 529
805 32 517
809 138 539
808 144 599
805 131 806
818 77 585
819 93 687
821 170 695
817 143 739
209 177 243
209 62 261
209 92 356
209 138 418
212 138 230
222 144 245
223 125 244
210 110 319
224 139 353
219 144 433
220 125 432
229 54 208
235 128 271
232 138 275
237 108 276
228 177 342
232 123 361
226 48 376
226 54 396
229 138 463
232 62 456
232 128 459
234 108 464
243 64 415
256 35 428
245 131 484
267 132 242
273 51 348
258 127 370
264 132 430
281 30 320
286 46 347
286 114 359
284 31 478
290 126 217
303 177 383
291 145 431
303 177 464
319 134 213
320 113 212
314 154 229
318 170 232
314 108 248
318 170 313
315 170 339
311 108 355
316 134 401
317 113 400
309 107 425
311 154 417
315 170 420
311 108 436
316 106 480
316 134 482
317 113 481
307 93 503
328 159 239
332 165 228
333 38 225
336 111 247
330 42 282
327 52 342
333 117 379
328 69 413
348 48 240
352 74 305
342 178 342
338 140 353
338 148 404
343 162 444
344 35 441
339 156 455
347 108 463
341 39 498
355 127 268
365 38 306
368 120 316
362 155 332
359 45 456
378 32 322
381 169 392
382 94 415
373 144 472
381 83 470
389 81 207
390 66 233
391 114 291
395 165 317
396 111 312
400 47 347
396 162 384
400 78 423
401 178 431
401 63 449
403 148 217
404 129 216
413 142 247
416 66 240
416 132 243
415 163 261
404 132 319
405 145 318
414 145 433
415 126 432
402 111 507
404 65 509
418 112 248
429 135 268
423 178 342
419 140 353
427 124 361
421 55 396
430 118 436
421 73 455
427 63 456
448 136 214
447 127 249
445 126 296
446 38 306
449 120 316
443 155 332
447 74 330
459 60 421
476 165 317
477 111 312
468 52 348
477 96 387
491 97 206
495 112 220
493 138 277
495 158 282
485 132 319
486 145 318
482 127 405
486 146 431
499 174 204
511 36 219
500 138 266
501 117 265
499 174 285
513 132 318
506 155 336
510 171 339
506 109 355
498 178 383
511 135 401
512 114 400
502 94 422
506 155 417
510 171 420
506 109 436
217 46 534
221 92 543
213 161 571
217 77 610
218 177 618
218 62 636
219 110 694
212 122 730
215 78 723
215 144 726
222 32 783
212 122 811
215 78 804
215 144 807
240 177 529
238 54 583
231 144 620
232 125 619
240 132 616
241 138 650
228 147 751
233 161 791
234 34 788
239 80 798
229 155 802
237 107 810
244 62 643
244 128 646
246 108 651
257 131 671
244 138 779
249 44 803
260 154 519
273 122 699
263 152 765
258 64 812
285 51 535
281 95 551
276 132 617
278 35 797
298 46 534
297 76 607
299 126 592
291 40 645
294 92 703
294 138 765
290 77 770
291 177 778
304 144 780
305 125 779
291 62 796
319 93 528
315 177 570
319 93 609
315 177 651
318 156 689
319 93 690
317 123 708
311 54 743
317 62 803
317 128 806
323 154 523
327 170 526
323 108 542
326 133 532
334 53 536
328 121 580
323 154 604
327 170 607
323 108 623
323 154 685
347 48 535
350 75 559
353 80 564
353 146 567
350 124 652
353 80 645
353 146 648
343 127 717
344 156 730
349 42 726
349 132 777
366 141 541
366 149 592
360 34 624
367 157 643
369 40 686
370 179 530
382 140 620
371 163 632
372 36 629
377 117 728
372 126 752
390 156 520
387 46 644
401 145 660
400 122 731
415 53 536
416 37 638
403 144 727
407 111 744
416 147 752
403 78 805
403 144 808
417 155 803
428 93 539
432 94 544
424 37 570
424 163 572
432 140 606
428 79 611
429 179 619
430 112 695
419 140 721
428 74 768
430 149 780
432 138 780
421 161 792
425 107 811
427 100 823
447 141 541
442 146 621
443 127 620
437 44 804
456 123 512
454 37 542
455 125 549
455 96 577
452 140 651
455 64 644
457 110 652
455 108 667
457 162 742
459 168 740
451 143 820
468 133 672
467 125 720
474 161 732
478 77 771
479 177 779
471 146 790
479 62 797
487 134 618
491 38 644
494 64 677
488 129 749
482 138 766
492 88 762
492 144 781
493 125 780
510 128 593
504 132 633
499 54 744
505 31 776
502 138 811
505 62 804
505 128 807
507 108 812
518 159 238
522 165 227
523 38 224
526 111 246
514 145 317
526 146 376
533 142 215
538 48 239
533 74 323
542 137 404
535 106 435
530 55 451
552 147 255
555 38 305
558 120 315
547 43 428
561 142 444
567 39 233
579 81 206
580 66 232
578 115 243
581 114 290
585 165 316
586 111 311
585 117 324
592 91 328
584 160 356
592 137 390
589 176 403
589 61 421
590 109 479
594 129 215
606 66 239
608 112 247
594 132 318
595 145 317
602 165 329
609 53 368
595 106 500
602 64 503
603 127 507
604 140 506
615 122 333
615 61 428
614 98 444
617 107 436
638 136 213
636 38 305
639 120 315
641 126 342
628 60 399
634 136 504
650 77 251
650 154 310
647 131 402
644 121 484
648 115 504
653 144 504
665 149 214
666 165 316
667 111 311
670 125 377
673 104 451
681 97 205
685 112 219
681 97 286
685 158 281
689 174 284
675 132 318
676 145 317
686 176 355
674 144 403
674 76 422
686 176 436
675 160 505
684 127 507
685 140 506
704 36 217
693 37 232
697 62 234
690 138 265
691 117 264
697 30 318
696 156 341
700 112 372
690 92 394
694 153 389
698 169 392
694 107 408
699 133 454
700 112 453
690 92 475
694 153 470
698 169 473
700 143 473
716 38 222
715 165 225
719 111 244
711 136 281
713 42 279
706 132 316
710 37 368
716 86 501
726 142 213
731 48 237
724 126 349
727 82 342
727 148 345
731 160 383
724 126 430
727 148 426
731 123 478
727 82 504
736 132 501
737 145 500
745 147 253
748 38 303
742 34 347
740 151 370
745 165 410
749 111 429
743 42 464
760 39 231
756 142 398
772 81 204
773 66 230
774 156 246
774 114 288
778 165 314
783 172 358
775 147 438
779 107 446
778 38 488
787 129 213
799 66 237
796 142 244
799 132 240
801 112 245
787 132 316
788 145 315
787 117 339
798 165 350
800 88 358
792 60 415
813 113 254
812 135 265
815 55 344
812 133 367
806 34 373
802 81 389
806 142 384
816 148 399
817 129 398
803 66 415
813 87 454
804 114 473
805 119 488
809 111 494
808 165 499
817 132 501
820 35 228
823 58 362
818 145 500
514 147 619
515 125 614
526 120 794
541 145 620
538 123 624
541 54 693
535 162 777
537 132 778
540 56 804
548 33 596
559 162 604
553 107 615
555 156 615
551 142 694
550 57 743
560 126 753
571 66 582
570 139 592
563 108 623
564 145 779
577 82 788
589 144 632
582 75 660
591 155 674
592 35 682
583 43 701
586 122 732
589 78 725
589 144 728
578 118 798
586 122 813
589 78 806
602 90 546
595 117 692
602 147 753
596 32 785
607 161 793
608 34 790
603 155 804
612 162 544
617 178 591
618 111 667
612 50 691
622 162 693
623 108 688
618 138 781
611 107 812
623 44 805
631 129 695
632 142 694
637 143 821
643 124 521
657 82 603
645 109 624
656 132 644
647 72 704
645 168 741
649 59 746
668 127 586
658 87 640
672 123 672
673 35 682
668 92 705
660 161 733
664 77 772
665 62 798
671 91 804
674 162 521
675 133 590
684 61 607
676 117 692
682 34 699
674 129 750
678 144 782
698 127 565
702 146 591
705 72 660
700 89 699
691 123 710
691 62 805
691 128 808
693 108 813
718 140 549
716 65 606
717 127 719
725 122 540
728 144 536
735 32 593
728 78 614
752 162 525
746 161 601
747 34 598
744 38 655
757 138 589
762 44 613
765 156 715
784 168 549
775 50 565
776 59 623
779 34 679
776 78 714
776 144 717
773 122 721
776 78 795
776 144 798
772 133 815
799 161 541
789 128 599
791 35 607
789 147 742
801 119 758
788 81 773
794 161 782
795 34 779
801 167 775
790 155 793
798 107 801
807 92 513
811 42 528
807 138 575
803 77 580
817 144 590
804 62 606
805 138 770
810 44 794
824 54 553
819 141 691
824 143 810
207 132 379
212 125 235
213 144 236
211 177 249
221 34 306
213 108 332
208 145 352
209 125 423
210 144 424
208 177 437
209 138 484
213 32 506
218 34 494
236 62 223
229 62 249
236 44 291
235 155 311
233 62 411
226 62 437
227 35 450
233 44 479
244 108 221
241 177 340
241 108 409
249 143 465
240 107 491
278 38 309
284 110 436
302 34 274
299 34 381
289 122 382
299 34 462
314 141 234
315 128 235
308 107 243
313 161 244
312 128 342
305 107 350
310 161 351
309 116 378
311 141 422
312 128 423
305 107 431
310 161 432
309 116 459
311 141 503
312 128 504
328 93 434
345 165 226
340 148 297
344 126 300
342 128 385
357 58 201
353 172 241
365 151 284
355 178 340
356 162 442
364 169 457
379 142 218
372 114 326
373 135 327
377 127 356
368 55 417
376 148 500
393 129 207
394 148 208
384 81 222
393 142 268
397 36 290
389 155 332
392 171 328
395 78 438
410 66 221
411 39 234
402 38 278
405 165 279
408 109 332
403 146 352
404 126 423
403 178 437
404 139 484
417 48 263
416 159 283
424 111 275
421 148 297
425 126 300
428 63 411
431 129 411
421 63 437
422 36 450
428 45 479
416 162 495
427 156 499
433 147 249
436 178 340
436 109 409
435 139 414
459 42 281
453 114 326
454 135 327
456 132 398
468 114 220
470 155 332
473 171 328
489 111 215
494 165 216
495 145 206
483 38 246
495 145 287
496 132 207
507 96 217
496 132 288
499 82 297
506 142 341
507 129 342
500 108 350
505 162 351
504 117 378
506 142 422
507 129 423
500 108 431
505 162 432
206 154 519
207 138 621
204 177 762
209 170 515
211 93 523
220 145 539
219 132 566
221 125 610
222 144 611
212 77 625
221 138 671
209 46 704
210 51 717
223 123 758
215 139 766
218 92 781
209 46 785
210 51 798
225 108 519
238 62 624
239 35 637
230 34 681
233 161 682
225 32 693
253 177 527
245 62 598
248 128 598
252 138 601
253 108 596
245 44 666
252 107 678
244 155 686
246 161 789
254 168 804
270 113 513
261 143 652
267 126 703
258 54 764
287 154 519
287 38 684
280 138 781
285 77 785
290 170 515
292 93 523
301 122 569
288 123 698
293 145 699
294 125 770
295 144 771
293 177 784
317 107 537
311 34 568
317 107 618
311 34 649
311 62 784
312 35 797
322 161 538
323 141 528
324 128 529
321 116 565
332 156 583
322 161 619
323 141 609
321 116 646
332 156 664
323 141 690
324 128 691
334 143 812
336 156 520
347 48 545
348 53 558
342 179 603
348 53 639
342 179 684
346 131 745
355 110 520
354 30 587
361 125 599
353 141 607
356 94 622
353 141 688
383 179 528
374 122 729
369 110 783
396 56 605
384 163 630
392 170 645
398 51 718
392 177 763
398 51 799
404 149 688
411 123 759
403 139 767
406 92 782
417 156 520
420 172 516
422 95 524
431 147 540
430 134 567
418 140 622
423 79 626
431 179 625
436 110 520
432 127 611
433 146 612
432 140 672
441 36 682
444 163 683
446 54 765
434 161 790
442 168 805
456 64 599
459 130 599
463 140 602
449 64 625
456 46 667
463 109 679
455 157 687
455 126 704
468 138 782
473 77 786
482 125 771
483 144 772
481 177 785
507 112 624
506 62 759
509 128 759
499 62 785
527 82 296
521 122 383
516 91 406
535 165 225
543 172 240
530 148 296
530 126 357
552 133 211
555 151 283
556 53 389
544 160 414
552 167 429
565 125 328
561 128 400
583 129 206
583 142 267
591 144 324
590 131 351
583 76 410
591 176 409
600 66 220
601 39 233
607 48 262
595 165 278
606 159 282
592 137 456
601 33 466
604 160 467
611 148 296
615 126 299
619 127 383
623 137 386
609 61 409
610 34 422
616 43 451
615 154 471
623 106 463
624 121 488
649 42 280
658 114 219
667 109 408
658 37 469
685 145 205
679 111 214
684 165 215
686 132 206
673 38 245
683 120 242
685 145 286
672 121 354
682 33 353
682 33 434
700 96 215
689 82 296
692 115 350
694 140 394
688 106 403
693 160 404
692 115 431
694 140 475
695 127 476
698 77 485
706 158 442
728 165 223
723 148 294
721 50 323
722 55 336
728 32 365
735 127 377
721 50 404
722 55 417
727 143 466
736 172 238
748 151 281
744 131 351
750 82 479
762 142 215
767 81 219
758 165 408
766 172 423
753 148 479
776 129 204
776 142 265
780 36 287
779 130 322
770 58 383
778 151 466
793 66 218
794 39 231
785 38 275
788 165 276
799 159 280
792 142 400
797 81 404
800 48 260
801 82 294
804 148 294
808 126 297
800 127 317
804 136 345
806 129 389
807 148 390
806 142 450
810 36 472
801 123 508
806 145 509
816 147 246
823 66 403
818 165 461
512 124 570
520 155 636
513 138 762
514 108 757
522 143 813
530 178 575
541 140 579
535 47 598
536 52 611
530 178 656
541 140 660
535 47 679
536 52 692
534 131 746
549 124 571
544 93 594
557 110 784
572 162 602
567 145 673
562 122 730
568 154 744
584 55 577
580 169 617
583 46 706
584 51 719
578 177 764
583 46 787
593 127 516
592 148 660
606 127 734
597 123 760
592 92 783
614 124 511
618 133 539
611 78 598
619 178 597
620 139 644
620 161 791
638 36 610
629 35 654
632 162 655
632 54 766
628 168 806
644 63 571
647 129 571
652 109 569
651 139 574
644 45 639
651 108 651
643 156 659
645 79 673
641 126 705
660 144 625
662 123 700
667 145 701
666 132 728
669 144 773
659 77 787
672 132 558
686 39 657
685 62 786
686 35 799
700 123 542
695 111 596
695 128 760
699 138 763
700 108 758
707 154 552
717 177 572
707 154 633
717 177 653
708 143 814
722 46 595
723 51 608
723 51 689
745 127 542
748 122 731
743 110 785
759 161 599
755 154 733
765 177 753
755 154 814
780 126 513
770 46 695
771 51 708
770 46 776
779 92 772
771 51 789
793 138 591
798 77 595
793 127 723
784 123 749
805 132 536
811 32 663
807 161 780
815 168 795
816 34 651
