206 125 247
207 144 246
203 128 332
203 125 435
204 144 434
220 62 230
220 177 248
221 77 256
217 138 261
211 129 278
217 92 323
211 107 339
217 62 418
217 177 436
218 77 444
214 138 449
222 161 483
214 92 511
233 35 229
240 168 287
225 161 295
230 35 417
237 168 475
248 143 207
245 143 395
262 44 223
259 44 411
271 107 404
264 138 435
274 107 216
282 155 224
277 34 238
278 161 235
279 155 412
274 34 426
275 161 423
286 32 431
280 147 463
296 78 222
299 122 215
289 32 243
293 78 410
293 144 407
293 78 491
293 144 488
296 122 484
320 130 246
321 50 304
334 55 303
327 146 436
331 127 462
343 136 221
349 131 281
363 32 297
359 158 319
353 117 335
356 35 345
357 123 355
360 128 497
381 58 255
375 127 290
383 143 298
384 109 403
387 129 219
388 148 218
398 142 233
397 142 333
398 129 332
386 63 411
386 129 408
398 126 435
392 55 471
386 124 506
402 81 228
406 165 267
407 162 334
406 108 339
412 178 436
413 78 444
403 130 466
409 93 511
421 172 259
432 169 475
417 162 483
448 142 219
440 158 319
434 117 335
440 144 395
464 143 298
454 45 411
459 139 435
470 36 215
477 148 272
480 126 268
478 142 333
479 129 332
472 39 369
466 108 404
474 156 412
469 35 426
470 162 423
483 50 304
496 55 303
488 79 329
488 145 407
491 123 403
505 127 224
506 149 219
510 130 245
511 50 303
203 123 693
205 177 750
214 141 520
215 128 519
223 107 526
224 161 521
215 125 622
216 144 621
220 129 653
209 54 658
217 145 783
221 126 809
228 110 547
229 62 605
229 177 623
226 138 636
230 77 631
234 161 670
254 34 532
242 35 604
249 168 662
247 122 702
244 132 784
271 44 598
283 107 591
276 138 622
286 34 613
276 62 758
288 125 782
282 54 818
289 38 556
298 32 618
301 110 707
302 62 765
289 144 781
302 177 783
299 138 796
303 77 791
308 122 590
305 144 594
308 122 671
305 78 678
305 144 675
315 35 764
335 156 557
329 115 574
331 172 635
329 115 655
330 136 654
330 143 742
344 143 521
345 130 520
339 95 552
343 179 591
343 179 672
344 44 758
349 138 782
353 109 527
355 147 624
359 128 650
362 38 716
356 107 751
364 155 759
360 161 770
365 147 810
381 118 523
384 36 533
382 134 625
381 170 714
379 113 734
380 134 733
371 32 778
381 170 795
379 113 815
380 134 814
385 154 717
389 93 712
393 177 751
385 108 779
385 154 798
389 93 793
412 110 591
414 130 596
414 125 694
405 145 784
409 126 810
425 143 521
426 130 520
417 140 592
426 127 623
427 146 622
432 132 785
434 109 527
435 163 522
439 112 548
440 64 606
440 179 624
437 140 637
441 79 632
445 163 671
435 122 703
453 37 605
460 170 663
451 131 731
462 108 751
464 62 759
464 128 756
468 145 583
467 138 752
476 125 783
477 144 782
470 54 819
482 46 599
487 140 623
490 62 766
490 177 784
487 138 797
491 77 792
502 157 600
497 36 614
498 163 611
509 34 619
503 149 651
503 35 765
524 55 302
514 122 413
515 144 408
519 125 434
533 136 220
539 131 280
542 131 409
549 158 318
571 58 254
565 127 289
573 143 297
561 130 355
572 107 375
574 61 383
574 122 478
577 129 218
592 81 227
588 96 294
580 53 443
582 138 486
600 61 390
600 176 408
605 160 455
597 91 483
601 45 492
611 172 258
613 34 389
620 167 447
614 50 491
638 142 218
630 158 318
628 142 367
639 153 507
648 38 209
654 151 246
654 143 297
642 43 383
654 106 376
647 137 407
660 36 214
667 148 271
670 126 267
667 82 274
660 37 341
662 154 384
657 33 398
658 160 395
669 31 403
663 138 486
686 55 302
676 77 382
676 143 379
679 121 375
676 77 463
676 143 460
679 121 456
682 45 492
698 127 222
703 130 243
704 50 301
703 117 352
704 138 351
704 138 432
703 117 433
695 50 491
705 174 332
709 158 335
705 174 413
709 158 416
709 112 478
705 174 494
713 97 492
709 158 497
726 136 218
732 131 278
729 149 402
733 130 428
746 32 294
742 158 316
764 58 252
758 127 287
766 143 295
756 136 403
762 131 463
760 122 512
770 129 216
775 135 349
776 32 479
772 158 501
785 81 225
789 165 264
785 50 301
798 55 300
788 66 377
788 132 374
791 142 370
800 129 401
794 58 437
788 127 472
796 143 480
804 172 256
813 114 326
814 66 384
801 148 400
811 142 415
815 81 410
811 96 477
815 50 486
819 165 449
523 109 591
519 171 607
527 94 605
517 114 627
518 135 626
519 171 688
543 146 596
531 178 644
537 138 783
547 127 622
548 47 680
552 155 760
548 161 771
553 147 811
573 123 515
570 133 597
576 128 657
561 52 679
567 170 715
571 154 718
575 93 713
565 113 735
566 134 734
567 170 796
571 154 799
575 93 794
565 113 816
566 134 815
589 132 543
586 155 695
579 177 752
602 63 571
602 129 568
605 139 564
606 178 685
595 126 811
618 132 786
627 111 520
628 63 578
628 178 596
633 162 643
625 93 671
629 47 680
637 131 732
656 144 555
641 36 577
642 52 679
648 108 752
650 62 760
653 138 753
656 54 820
670 45 571
662 125 784
663 144 783
688 39 529
682 108 564
675 139 595
687 178 685
675 110 709
673 138 798
677 77 793
704 113 543
690 156 572
697 33 591
704 113 624
691 140 674
704 143 744
689 35 766
706 170 523
710 154 526
705 134 542
718 177 560
710 108 588
710 154 607
705 134 623
718 177 641
710 108 669
706 170 685
710 154 688
714 93 683
718 44 760
730 145 593
735 46 677
736 38 718
730 107 753
748 51 676
752 113 724
739 147 812
752 113 805
757 132 594
758 154 707
753 134 723
766 177 741
762 93 783
754 170 785
758 154 788
753 134 804
766 177 822
776 131 540
782 126 800
787 108 560
789 62 568
795 54 628
814 110 517
815 62 575
801 125 592
802 144 591
816 77 601
816 46 677
805 132 775
216 177 238
224 77 237
214 144 251
215 125 252
217 132 296
216 145 323
221 123 324
212 138 379
213 177 426
221 77 425
211 144 439
212 125 440
214 132 484
229 138 241
240 147 363
226 138 429
255 168 218
251 54 258
242 126 319
252 168 406
263 161 233
261 122 347
265 144 350
281 111 327
288 92 429
283 123 452
274 127 478
291 92 241
299 51 305
300 46 318
296 51 331
291 139 363
302 177 367
296 51 412
297 46 425
291 139 444
302 177 448
296 51 493
297 46 506
305 177 260
312 154 387
312 154 468
321 114 211
327 174 319
327 123 481
344 135 249
347 117 321
364 112 238
365 142 233
367 144 398
355 132 465
379 66 210
369 132 236
372 66 236
375 123 347
379 145 350
382 79 350
384 156 364
383 45 384
375 109 454
380 129 452
383 63 452
395 148 223
396 129 224
398 136 268
397 149 295
392 112 315
395 162 368
398 35 369
390 63 426
405 81 209
410 142 213
411 158 315
408 174 319
403 33 357
408 178 426
406 145 439
407 126 440
409 133 484
432 58 230
423 130 291
427 138 320
428 117 321
421 139 429
444 165 205
435 148 363
447 169 406
443 55 446
434 127 507
458 131 262
456 123 347
460 145 350
463 79 350
455 162 421
472 96 213
467 127 236
474 32 248
473 112 315
478 124 452
496 158 252
481 50 290
492 158 315
489 174 319
492 47 344
486 140 363
491 52 412
492 47 425
511 114 210
506 126 264
497 178 367
507 155 387
497 178 448
206 35 600
207 62 613
207 34 748
218 123 512
212 161 555
215 34 556
220 32 544
224 138 566
223 144 626
224 125 627
222 110 774
225 177 613
233 77 612
238 138 616
226 132 671
230 123 699
231 38 713
251 126 694
264 168 593
272 161 608
260 54 633
270 128 799
273 122 534
277 144 537
280 78 537
288 34 716
279 35 760
280 62 773
273 62 799
303 139 631
295 123 639
293 32 704
298 177 773
296 144 786
308 51 518
309 46 531
314 177 554
308 51 599
309 46 612
314 177 635
306 77 772
332 130 547
334 163 619
332 130 628
333 143 629
324 154 655
335 118 673
325 147 710
345 36 589
345 36 670
337 168 753
345 161 768
355 124 669
368 123 799
369 40 554
383 133 653
382 128 707
383 141 708
373 92 776
384 161 779
383 141 789
395 145 586
395 34 749
385 116 752
389 107 780
410 80 538
412 157 552
411 46 572
404 140 637
403 110 642
408 130 640
411 64 640
410 110 775
423 163 556
426 36 557
431 34 545
417 37 601
436 179 614
444 79 613
434 146 627
435 127 628
437 134 672
436 147 699
445 143 746
433 131 813
462 128 695
462 155 712
454 107 720
461 44 732
454 138 797
453 108 802
458 128 800
461 62 800
475 170 594
466 131 623
471 56 634
473 161 716
467 35 761
468 62 774
