205 68 424
205 104 457
208 68 236
209 113 225
208 104 269
218 81 275
215 81 463
237 45 270
227 85 279
231 156 276
230 96 398
224 90 412
235 141 442
224 85 467
228 156 464
238 141 254
245 178 248
243 147 308
250 58 314
245 150 347
242 178 436
252 75 472
247 58 502
269 66 209
258 30 323
266 66 397
260 177 479
254 82 497
255 30 511
281 51 202
274 120 208
283 90 232
285 120 355
278 65 370
271 120 396
278 51 390
280 90 420
281 76 460
311 97 224
310 52 316
307 52 342
308 97 412
307 52 423
308 97 493
307 52 504
329 78 206
329 127 265
328 116 295
322 119 326
